10 0.43083333333333335 0.569375 0.05333333333333334 0.06125
11 0.21541666666666667 0.4271875 0.05583333333333333 0.058125
11 0.6208333333333333 0.438125 0.04666666666666667 0.05875
11 0.7516666666666667 0.4415625 0.03666666666666667 0.058125
11 0.8 0.4503125 0.045 0.044375
11 0.30583333333333335 0.4365625 0.045 0.043125
11 0.3258333333333333 0.57625 0.03833333333333333 0.045
11 0.6220833333333333 0.49 0.0225 0.02625
11 0.65 0.4928125 0.03666666666666667 0.021875
3 0.34541666666666665 0.495625 0.04583333333333333 0.0525
3 0.585 0.5015625 0.04666666666666667 0.051875
4 0.3925 0.4959375 0.045 0.050625
1 0.44083333333333335 0.4975 0.045 0.0525
1 0.7091666666666666 0.4409375 0.04666666666666667 0.059375
0 0.6533333333333333 0.4571875 0.023333333333333334 0.020625
0 0.34 0.44875 0.023333333333333334 0.02125
10 0.5383333333333333 0.5003125 0.043333333333333335 0.053125
6 0.48833333333333334 0.4978125 0.045 0.051875
6 0.5054166666666666 0.5715625 0.050833333333333335 0.059375
4 0.5604166666666667 0.573125 0.050833333333333335 0.06125
11 0.46791666666666665 0.5709375 0.020833333333333332 0.040625
12 0.50625 0.5025 0.7391666666666666 0.25625
5 0.27375 0.5734375 0.0375 0.043125