12 0.5189098998887653 0.3117573483427142 0.2903225806451613 0.1131957473420888
6 0.5389321468298109 0.30237648530331457 0.05005561735261402 0.030644152595372107
1 0.41434927697441604 0.3464665415884928 0.04560622914349277 0.027517198248905566
1 0.40378197997775306 0.29080675422138835 0.024471635150166853 0.013758599124452783
9 0.5806451612903226 0.29080675422138835 0.05339265850945495 0.025015634771732333
4 0.4977753058954394 0.31738586616635395 0.05228031145717464 0.028142589118198873
4 0.39043381535038935 0.2964352720450281 0.026696329254727477 0.0150093808630394
10 0.4532814238042269 0.3320825515947467 0.05228031145717464 0.0225140712945591
8 0.6473859844271412 0.2604752970606629 0.020022246941045607 0.015634771732332707
1 0.6195773081201335 0.2754846779237023 0.04004449388209121 0.02689180737961226
1 0.3843159065628476 0.3236397748592871 0.018909899888765295 0.013133208255159476