10 0.5266927083333334 0.54150390625 0.04296875 0.0419921875
1 0.4466145833333333 0.43017578125 0.16666666666666666 0.1279296875
11 0.4921875 0.32421875 0.03125 0.021484375
11 0.46484375 0.322265625 0.0234375 0.025390625
11 0.3619791666666667 0.328125 0.013020833333333334 0.0234375
11 0.271484375 0.52587890625 0.024739583333333332 0.0224609375
11 0.2506510416666667 0.52734375 0.01171875 0.0234375
11 0.232421875 0.5234375 0.024739583333333332 0.021484375
11 0.208984375 0.51953125 0.022135416666666668 0.01953125
11 0.61328125 0.5625 0.028645833333333332 0.017578125
11 0.5911458333333334 0.55859375 0.015625 0.01953125
11 0.6009114583333334 0.4892578125 0.029947916666666668 0.03515625
11 0.5807291666666666 0.484375 0.026041666666666668 0.029296875
11 0.5481770833333334 0.486328125 0.0390625 0.025390625
11 0.5162760416666666 0.48046875 0.024739583333333332 0.033203125
5 0.4856770833333333 0.53857421875 0.041666666666666664 0.0322265625
7 0.4283854166666667 0.3291015625 0.041666666666666664 0.044921875
3 0.3346354166666667 0.32080078125 0.046875 0.0478515625
2 0.3990885416666667 0.328125 0.016927083333333332 0.041015625
2 0.291015625 0.529296875 0.01171875 0.017578125
2 0.5774739583333334 0.54736328125 0.016927083333333332 0.0322265625
0 0.5384114583333334 0.5615234375 0.009114583333333334 0.009765625
12 0.3743489583333333 0.3876953125 0.6783854166666666 0.462890625