6 0.58203125 0.7039930555555556 0.009765625 0.029513888888888888
7 0.59228515625 0.7039930555555556 0.0107421875 0.029513888888888888
2 0.52001953125 0.7482638888888888 0.0029296875 0.027777777777777776
2 0.56982421875 0.6701388888888888 0.0087890625 0.03125
1 0.5263671875 0.7456597222222222 0.0078125 0.026041666666666668
4 0.57666015625 0.7413194444444444 0.0107421875 0.034722222222222224
10 0.5595703125 0.7413194444444444 0.01171875 0.03819444444444445
5 0.58056640625 0.6692708333333334 0.0107421875 0.029513888888888888
11 0.61962890625 0.6770833333333334 0.0107421875 0.027777777777777776
11 0.60009765625 0.6987847222222222 0.0048828125 0.015625
11 0.6064453125 0.7005208333333334 0.0078125 0.012152777777777778
11 0.5380859375 0.7456597222222222 0.0078125 0.026041666666666668
3 0.55078125 0.7048611111111112 0.009765625 0.027777777777777776
3 0.58740234375 0.7430555555555556 0.0107421875 0.03125
9 0.560546875 0.7039930555555556 0.009765625 0.029513888888888888
6 0.57177734375 0.7048611111111112 0.0107421875 0.03125
11 0.55126953125 0.6744791666666666 0.0107421875 0.026041666666666668
11 0.54150390625 0.6710069444444444 0.0087890625 0.03298611111111111
11 0.53173828125 0.6701388888888888 0.0107421875 0.03125
11 0.5986328125 0.671875 0.009765625 0.03125
11 0.60888671875 0.6744791666666666 0.0107421875 0.026041666666666668
12 0.5771484375 0.7074652777777778 0.162109375 0.13020833333333334