11 0.4856770833333333 0.6383101851851852 0.00390625 0.024305555555555556
12 0.564453125 0.6504629629629629 0.2421875 0.28703703703703703
11 0.4921875 0.6359953703703703 0.009114583333333334 0.024305555555555556
11 0.4788411458333333 0.6394675925925926 0.009765625 0.024305555555555556
11 0.4677734375 0.6412037037037037 0.011067708333333334 0.02546296296296296
6 0.5764973958333334 0.6834490740740741 0.020182291666666668 0.05439814814814815
6 0.5852864583333334 0.5694444444444444 0.016927083333333332 0.046296296296296294
8 0.568359375 0.5717592592592593 0.015625 0.041666666666666664
2 0.5537109375 0.5775462962962963 0.007161458333333333 0.03935185185185185
7 0.60546875 0.5653935185185185 0.018229166666666668 0.04513888888888889
10 0.5966796875 0.6793981481481481 0.021484375 0.05555555555555555
10 0.5498046875 0.6903935185185185 0.020182291666666668 0.056712962962962965
2 0.5358072916666666 0.6944444444444444 0.009114583333333334 0.04861111111111111
1 0.4762369791666667 0.7077546296296297 0.018880208333333332 0.04976851851851852
11 0.6064453125 0.6128472222222222 0.013671875 0.019675925925925927
11 0.595703125 0.6122685185185185 0.009114583333333334 0.023148148148148147
0 0.5970052083333334 0.5856481481481481 0.005208333333333333 0.009259259259259259