11 0.7705078125 0.486328125 0.025390625 0.045572916666666664
11 0.79736328125 0.486328125 0.0263671875 0.045572916666666664
12 0.67919921875 0.5559895833333334 0.4599609375 0.2708333333333333
6 0.60107421875 0.5520833333333334 0.0244140625 0.052083333333333336
2 0.58056640625 0.552734375 0.0087890625 0.048177083333333336
3 0.7041015625 0.626953125 0.029296875 0.061197916666666664
5 0.6708984375 0.62890625 0.029296875 0.0546875
10 0.625 0.6282552083333334 0.029296875 0.061197916666666664
4 0.72119140625 0.5494791666666666 0.0244140625 0.0546875
8 0.69189453125 0.5475260416666666 0.0224609375 0.05078125
1 0.685546875 0.48046875 0.025390625 0.059895833333333336
10 0.630859375 0.55078125 0.025390625 0.052083333333333336
1 0.66015625 0.5494791666666666 0.02734375 0.052083333333333336
3 0.65673828125 0.48046875 0.0263671875 0.059895833333333336
11 0.6015625 0.490234375 0.025390625 0.04296875
11 0.5732421875 0.4908854166666667 0.025390625 0.044270833333333336
11 0.54638671875 0.4830729166666667 0.0263671875 0.059895833333333336
11 0.64794921875 0.6276041666666666 0.0107421875 0.041666666666666664
11 0.74365234375 0.5358072916666666 0.0126953125 0.024739583333333332
11 0.76025390625 0.5390625 0.0205078125 0.020833333333333332
11 0.74169921875 0.478515625 0.0263671875 0.06380208333333333