7 0.5095833333333334 0.5759375 0.0175 0.024375
10 0.5283333333333333 0.55 0.015 0.01875
10 0.47375 0.550625 0.014166666666666666 0.01875
4 0.43833333333333335 0.550625 0.013333333333333334 0.01875
2 0.46 0.550625 0.006666666666666667 0.0175
2 0.4454166666666667 0.5759375 0.0075 0.021875
2 0.49583333333333335 0.5759375 0.006666666666666667 0.021875
8 0.46166666666666667 0.5753125 0.015 0.023125
5 0.49166666666666664 0.5503125 0.015 0.016875
1 0.5095833333333334 0.550625 0.015833333333333335 0.01875
11 0.47583333333333333 0.574375 0.006666666666666667 0.01125
12 0.4845833333333333 0.565625 0.1375 0.06125