12 0.48291666666666666 0.4209375 0.26416666666666666 0.089375
2 0.4429166666666667 0.4428125 0.009166666666666667 0.020625
1 0.5029166666666667 0.443125 0.0175 0.0225
11 0.535 0.415 0.013333333333333334 0.01
9 0.49375 0.4175 0.0175 0.02125
11 0.47 0.443125 0.006666666666666667 0.015
9 0.44208333333333333 0.4175 0.0175 0.02
11 0.5241666666666667 0.413125 0.01 0.01125
2 0.4891666666666667 0.44375 0.006666666666666667 0.02125
1 0.45708333333333334 0.443125 0.019166666666666665 0.0225
3 0.5108333333333334 0.4178125 0.015 0.020625
3 0.4766666666666667 0.4178125 0.015 0.020625
5 0.45958333333333334 0.416875 0.0175 0.01875