12 0.4968684759916493 0.435546875 0.23799582463465555 0.0703125
7 0.4603340292275574 0.419921875 0.018789144050104383 0.013671875
11 0.4780793319415449 0.43115234375 0.008350730688935281 0.0068359375
11 0.4498956158663883 0.431640625 0.010438413361169102 0.0078125
11 0.4384133611691023 0.43115234375 0.012526096033402923 0.0068359375
1 0.477035490605428 0.44775390625 0.018789144050104383 0.0146484375
6 0.5250521920668059 0.44677734375 0.018789144050104383 0.0146484375
8 0.5396659707724426 0.4169921875 0.018789144050104383 0.01171875
11 0.524008350730689 0.43017578125 0.008350730688935281 0.0087890625
6 0.5187891440501043 0.41796875 0.018789144050104383 0.013671875
6 0.4989561586638831 0.4189453125 0.016701461377870562 0.013671875
6 0.4801670146137787 0.4189453125 0.016701461377870562 0.013671875
2 0.511482254697286 0.447265625 0.008350730688935281 0.015625
2 0.46346555323590816 0.4482421875 0.008350730688935281 0.013671875
11 0.5375782881002088 0.43017578125 0.014613778705636743 0.0068359375
11 0.4697286012526096 0.43115234375 0.008350730688935281 0.0068359375
11 0.4592901878914405 0.4306640625 0.008350730688935281 0.005859375