2 0.3949652777777778 0.52978515625 0.008680555555555556 0.0166015625
3 0.4131944444444444 0.50927734375 0.017361111111111112 0.0166015625
7 0.3940972222222222 0.50927734375 0.017361111111111112 0.0166015625
10 0.4314236111111111 0.50927734375 0.019097222222222224 0.0166015625
5 0.4496527777777778 0.50830078125 0.017361111111111112 0.0146484375
10 0.4670138888888889 0.5087890625 0.017361111111111112 0.015625
1 0.4105902777777778 0.52978515625 0.019097222222222224 0.0166015625
4 0.4383680555555556 0.52978515625 0.019097222222222224 0.0185546875
9 0.4592013888888889 0.52978515625 0.022569444444444444 0.0185546875
11 0.4236111111111111 0.52978515625 0.010416666666666666 0.0126953125
11 0.4809027777777778 0.50537109375 0.010416666666666666 0.0087890625
11 0.4930555555555556 0.50634765625 0.013888888888888888 0.0068359375
12 0.4375 0.51123046875 0.2847222222222222 0.0732421875
2 0.3802083333333333 0.50927734375 0.010416666666666666 0.0166015625