1 0.49169921875 0.9491440080563948 0.0400390625 0.06545820745216516
9 0.44970703125 0.9491440080563948 0.0400390625 0.0634441087613293
8 0.4091796875 0.94662638469285 0.0390625 0.06243705941591138
3 0.533203125 0.9491440080563948 0.041015625 0.06545820745216516
3 0.484375 0.8731117824773413 0.044921875 0.07250755287009064
2 0.44384765625 0.8710976837865055 0.0302734375 0.07250755287009064
2 0.376953125 0.94662638469285 0.017578125 0.06445115810674723
2 0.33544921875 0.946122860020141 0.0185546875 0.06545820745216516
11 0.591796875 0.9390735146022156 0.033203125 0.027190332326283987
11 0.564453125 0.9360523665659617 0.01953125 0.035246727089627394
11 0.6416015625 0.8836858006042296 0.041015625 0.0553877139979859
11 0.6015625 0.8821752265861027 0.037109375 0.05236656596173213
11 0.56298828125 0.8741188318227593 0.0400390625 0.07049345417925479
11 0.36669921875 0.8796576032225579 0.0380859375 0.059415911379657606
11 0.3271484375 0.8705941591137966 0.0390625 0.07150050352467271
11 0.28662109375 0.8700906344410876 0.0419921875 0.07452165156092648
12 0.46533203125 0.9023162134944612 0.6357421875 0.18932527693857