2 0.6534653465346535 0.517578125 0.011881188118811881 0.01953125
2 0.5574257425742575 0.537109375 0.009900990099009901 0.013671875
3 0.5267326732673268 0.537109375 0.019801980198019802 0.015625
4 0.6257425742574257 0.5361328125 0.015841584158415842 0.015625
5 0.5693069306930693 0.517578125 0.02574257425742574 0.017578125
6 0.6069306930693069 0.51708984375 0.02574257425742574 0.0205078125
8 0.5782178217821782 0.53564453125 0.015841584158415842 0.0146484375
8 0.602970297029703 0.5361328125 0.013861386138613862 0.013671875
10 0.6514851485148515 0.53662109375 0.019801980198019802 0.0146484375
0 0.6257425742574257 0.52587890625 0.011881188118811881 0.0048828125
2 0.5405940594059406 0.51806640625 0.011881188118811881 0.0185546875
12 0.5891089108910891 0.5244140625 0.18415841584158416 0.044921875