6 0.6806640625 0.6788194444444444 0.020182291666666668 0.05439814814814815
6 0.673828125 0.5665509259259259 0.016927083333333332 0.04513888888888889
2 0.66015625 0.5677083333333334 0.006510416666666667 0.04050925925925926
2 0.7180989583333334 0.5636574074074074 0.006510416666666667 0.03935185185185185
3 0.630859375 0.6834490740740741 0.018229166666666668 0.05439814814814815
3 0.6516927083333334 0.6817129629629629 0.018229166666666668 0.05324074074074074
8 0.7018229166666666 0.6765046296296297 0.018229166666666668 0.052083333333333336
8 0.6940104166666666 0.5636574074074074 0.014322916666666666 0.041666666666666664
0 0.7041015625 0.5821759259259259 0.004557291666666667 0.009259259259259259
11 0.5706380208333334 0.6180555555555556 0.009765625 0.023148148148148147
11 0.5813802083333334 0.6180555555555556 0.010416666666666666 0.023148148148148147
11 0.5882161458333334 0.6168981481481481 0.004557291666666667 0.023148148148148147
11 0.5950520833333334 0.6163194444444444 0.009114583333333334 0.024305555555555556
11 0.7014973958333334 0.609375 0.009765625 0.024305555555555556
11 0.7132161458333334 0.6111111111111112 0.013671875 0.018518518518518517
11 0.666015625 0.6799768518518519 0.0078125 0.03587962962962963
12 0.6705729166666666 0.6359953703703703 0.23697916666666666 0.25578703703703703