11 0.2662760416666667 0.44384765625 0.045572916666666664 0.0439453125
12 0.466796875 0.50537109375 0.7096354166666666 0.2333984375
5 0.4934895833333333 0.50048828125 0.044270833333333336 0.0478515625
5 0.23893229166666666 0.57958984375 0.040364583333333336 0.0400390625
8 0.39453125 0.5693359375 0.049479166666666664 0.056640625
8 0.66015625 0.43798828125 0.044270833333333336 0.0595703125
6 0.57421875 0.4375 0.044270833333333336 0.05859375
6 0.5403645833333334 0.5 0.044270833333333336 0.05078125
6 0.462890625 0.57080078125 0.053385416666666664 0.0595703125
1 0.16796875 0.4990234375 0.046875 0.048828125
11 0.2890625 0.57861328125 0.036458333333333336 0.0419921875
4 0.3541666666666667 0.49951171875 0.041666666666666664 0.0517578125
11 0.17643229166666666 0.4365234375 0.048177083333333336 0.05859375
10 0.4479166666666667 0.49951171875 0.044270833333333336 0.0517578125
11 0.7473958333333334 0.44580078125 0.046875 0.0439453125
11 0.701171875 0.43798828125 0.040364583333333336 0.0576171875
11 0.576171875 0.48828125 0.022135416666666668 0.02734375
11 0.6041666666666666 0.49072265625 0.033854166666666664 0.0224609375
0 0.6061197916666666 0.4560546875 0.024739583333333332 0.021484375
0 0.298828125 0.45556640625 0.024739583333333332 0.0205078125
9 0.517578125 0.5703125 0.053385416666666664 0.05859375
9 0.5286458333333334 0.43798828125 0.044270833333333336 0.0576171875
2 0.4837239583333333 0.4365234375 0.03515625 0.05859375
2 0.4147135416666667 0.5 0.016927083333333332 0.048828125
3 0.3059895833333333 0.5 0.044270833333333336 0.05078125