12 0.4928385416666667 0.51513671875 0.17057291666666666 0.0712890625
11 0.486328125 0.50927734375 0.009114583333333334 0.0087890625
11 0.45703125 0.50927734375 0.0078125 0.0087890625
11 0.46484375 0.50927734375 0.0078125 0.0087890625
11 0.4733072916666667 0.5087890625 0.006510416666666667 0.0078125
11 0.4791666666666667 0.50927734375 0.005208333333333333 0.0087890625
11 0.5201822916666666 0.5107421875 0.006510416666666667 0.009765625
11 0.5299479166666666 0.5107421875 0.010416666666666666 0.0078125
2 0.46484375 0.49560546875 0.005208333333333333 0.0146484375
7 0.4752604166666667 0.49609375 0.013020833333333334 0.015625
8 0.4895833333333333 0.49560546875 0.013020833333333334 0.0166015625
3 0.5032552083333334 0.49609375 0.014322916666666666 0.015625
3 0.4674479166666667 0.52880859375 0.015625 0.0185546875
1 0.482421875 0.52880859375 0.014322916666666666 0.0185546875
1 0.5013020833333334 0.52880859375 0.015625 0.0185546875
9 0.5169270833333334 0.49658203125 0.013020833333333334 0.0146484375
10 0.5319010416666666 0.49658203125 0.014322916666666666 0.0146484375
4 0.5182291666666666 0.52978515625 0.015625 0.0185546875