2 0.4895833333333333 0.49755859375 0.013020833333333334 0.0185546875
12 0.509765625 0.50927734375 0.14973958333333334 0.0693359375
11 0.5071614583333334 0.52001953125 0.009114583333333334 0.0166015625
4 0.4713541666666667 0.498046875 0.015625 0.021484375
2 0.4759114583333333 0.52197265625 0.009114583333333334 0.0224609375
2 0.5423177083333334 0.49658203125 0.01171875 0.0205078125
8 0.505859375 0.4970703125 0.014322916666666666 0.01953125
8 0.5227864583333334 0.49609375 0.014322916666666666 0.01953125
6 0.5201822916666666 0.52197265625 0.016927083333333332 0.0263671875
3 0.5390625 0.52197265625 0.020833333333333332 0.0263671875
6 0.4921875 0.521484375 0.018229166666666668 0.025390625
9 0.5572916666666666 0.4970703125 0.015625 0.021484375