12 0.47265625 0.52294921875 0.24739583333333334 0.1689453125
4 0.4602864583333333 0.5302734375 0.040364583333333336 0.03125
8 0.5234375 0.482421875 0.0390625 0.03125
5 0.3828125 0.4736328125 0.018229166666666668 0.015625
6 0.4934895833333333 0.505859375 0.044270833333333336 0.033203125
6 0.4388020833333333 0.44482421875 0.020833333333333332 0.0166015625
2 0.5729166666666666 0.47216796875 0.028645833333333332 0.0224609375
2 0.427734375 0.55517578125 0.032552083333333336 0.0283203125
1 0.3932291666666667 0.46630859375 0.020833333333333332 0.0146484375
1 0.361328125 0.5146484375 0.022135416666666668 0.015625
1 0.3509114583333333 0.55859375 0.022135416666666668 0.015625
1 0.3938802083333333 0.576171875 0.04296875 0.033203125