12 0.4930555555555556 0.48974609375 0.17708333333333334 0.0595703125
2 0.4392361111111111 0.4990234375 0.010416666666666666 0.01953125
2 0.4644097222222222 0.50048828125 0.012152777777777778 0.0185546875
1 0.5303819444444444 0.50048828125 0.022569444444444444 0.0185546875
1 0.5442708333333334 0.47314453125 0.022569444444444444 0.0166015625
1 0.5208333333333334 0.47216796875 0.020833333333333332 0.0185546875
6 0.5546875 0.50146484375 0.022569444444444444 0.0185546875
8 0.4817708333333333 0.49951171875 0.019097222222222224 0.0185546875
10 0.5060763888888888 0.50048828125 0.022569444444444444 0.0185546875
11 0.4652777777777778 0.48486328125 0.010416666666666666 0.0107421875
11 0.4774305555555556 0.48583984375 0.013888888888888888 0.0068359375
0 0.5321180555555556 0.48046875 0.005208333333333333 0.005859375