0 0.6412760416666666 0.6047453703703703 0.005208333333333333 0.008101851851851851
2 0.6253255208333334 0.6984953703703703 0.007161458333333333 0.047453703703703706
11 0.6048177083333334 0.7002314814814815 0.0078125 0.037037037037037035
11 0.6497395833333334 0.6331018518518519 0.013020833333333334 0.018518518518518517
11 0.6389973958333334 0.6302083333333334 0.007161458333333333 0.024305555555555556
11 0.5380859375 0.6359953703703703 0.009765625 0.024305555555555556
11 0.53125 0.6365740740740741 0.00390625 0.023148148148148147
11 0.5244140625 0.6377314814814815 0.011067708333333334 0.023148148148148147
11 0.5143229166666666 0.6377314814814815 0.009114583333333334 0.02546296296296296
4 0.6139322916666666 0.5885416666666666 0.014322916666666666 0.04282407407407408
8 0.6396484375 0.6961805555555556 0.017578125 0.04976851851851852
2 0.5999348958333334 0.5896990740740741 0.005859375 0.04050925925925926
3 0.5914713541666666 0.7002314814814815 0.017578125 0.05324074074074074
3 0.5716145833333334 0.7019675925925926 0.018229166666666668 0.05439814814814815
7 0.6497395833333334 0.5868055555555556 0.016927083333333332 0.04398148148148148
4 0.6315104166666666 0.5873842592592593 0.014322916666666666 0.04282407407407408
12 0.6097005208333334 0.6591435185185185 0.224609375 0.2465277777777778