12 0.5041666666666667 0.5875 0.7433333333333333 0.24375
11 0.2025 0.5203125 0.051666666666666666 0.061875
11 0.29291666666666666 0.526875 0.0525 0.045
11 0.7495833333333334 0.5165625 0.0425 0.060625
11 0.7983333333333333 0.5234375 0.05 0.045625
11 0.6191666666666666 0.570625 0.023333333333333334 0.02625
11 0.6475 0.573125 0.03666666666666667 0.02125
11 0.465 0.6578125 0.023333333333333334 0.041875
11 0.32 0.6671875 0.03666666666666667 0.044375
0 0.32875 0.5384375 0.025833333333333333 0.021875
0 0.6495833333333333 0.536875 0.0275 0.0225
8 0.43666666666666665 0.581875 0.045 0.05
8 0.2704166666666667 0.6671875 0.03916666666666667 0.043125
7 0.5316666666666666 0.5834375 0.04666666666666667 0.051875
6 0.4266666666666667 0.658125 0.056666666666666664 0.0625
6 0.48333333333333334 0.58375 0.04666666666666667 0.0525
5 0.5029166666666667 0.658125 0.0575 0.05625
5 0.6141666666666666 0.5175 0.045 0.05875
4 0.3854166666666667 0.5840625 0.04583333333333333 0.054375
3 0.5220833333333333 0.516875 0.050833333333333335 0.06
3 0.3358333333333333 0.585 0.04833333333333333 0.05375
3 0.5825 0.583125 0.045 0.0525
2 0.5683333333333334 0.5175 0.03333333333333333 0.06
1 0.19375 0.585 0.049166666666666664 0.0525
1 0.55875 0.6571875 0.0525 0.061875
1 0.7041666666666667 0.5171875 0.04666666666666667 0.060625