2 0.33251953125 0.5164930555555556 0.0107421875 0.07465277777777778
12 0.484375 0.5842013888888888 0.42578125 0.3107638888888889
2 0.60888671875 0.6684027777777778 0.0126953125 0.08680555555555555
1 0.63623046875 0.6684027777777778 0.0322265625 0.09027777777777778
1 0.57958984375 0.5182291666666666 0.0322265625 0.08854166666666667
7 0.35205078125 0.515625 0.0244140625 0.0763888888888889
6 0.37939453125 0.5173611111111112 0.0244140625 0.0763888888888889
6 0.43359375 0.5190972222222222 0.0234375 0.0763888888888889
6 0.62353515625 0.5208333333333334 0.0302734375 0.08680555555555555
8 0.40869140625 0.5182291666666666 0.0205078125 0.078125
3 0.54248046875 0.5164930555555556 0.0341796875 0.08854166666666667
5 0.6611328125 0.5217013888888888 0.03125 0.08854166666666667
11 0.34228515625 0.578125 0.0146484375 0.041666666666666664
11 0.3603515625 0.578125 0.021484375 0.03819444444444445
11 0.66796875 0.6440972222222222 0.01171875 0.034722222222222224
11 0.6015625 0.5199652777777778 0.009765625 0.046875