1 0.49609375 0.61669921875 0.018229166666666668 0.0205078125
12 0.4895833333333333 0.5927734375 0.19010416666666666 0.08203125
10 0.4973958333333333 0.5927734375 0.015625 0.01953125
7 0.53515625 0.59326171875 0.018229166666666668 0.0205078125
11 0.5494791666666666 0.611328125 0.0078125 0.0078125
2 0.5208333333333334 0.61767578125 0.0078125 0.0166015625
2 0.5397135416666666 0.61767578125 0.006510416666666667 0.0185546875
2 0.46484375 0.591796875 0.0078125 0.017578125
2 0.4446614583333333 0.615234375 0.006510416666666667 0.017578125
3 0.4765625 0.6162109375 0.018229166666666668 0.01953125
6 0.515625 0.59326171875 0.015625 0.0205078125
6 0.4576822916666667 0.615234375 0.016927083333333332 0.01953125
1 0.4778645833333333 0.591796875 0.018229166666666668 0.01953125
11 0.55859375 0.61181640625 0.010416666666666666 0.0068359375