11 0.5611979166666666 0.50341796875 0.018229166666666668 0.0224609375
11 0.47265625 0.5048828125 0.018229166666666668 0.017578125
11 0.455078125 0.50146484375 0.016927083333333332 0.0244140625
11 0.4368489583333333 0.501953125 0.016927083333333332 0.0234375
11 0.580078125 0.5068359375 0.016927083333333332 0.015625
11 0.5970052083333334 0.50634765625 0.016927083333333332 0.0166015625
11 0.5631510416666666 0.52392578125 0.009114583333333334 0.0107421875
11 0.5748697916666666 0.5263671875 0.014322916666666666 0.0078125
2 0.5084635416666666 0.5029296875 0.01171875 0.0234375
2 0.4778645833333333 0.5283203125 0.0078125 0.01953125
2 0.4596354166666667 0.5283203125 0.0078125 0.01953125
2 0.4739583333333333 0.556640625 0.0078125 0.021484375
12 0.5188802083333334 0.53173828125 0.29296875 0.0986328125
6 0.5266927083333334 0.50341796875 0.01953125 0.0224609375
1 0.5169270833333334 0.556640625 0.020833333333333332 0.0234375
1 0.48828125 0.55615234375 0.020833333333333332 0.0224609375
5 0.5390625 0.5576171875 0.020833333333333332 0.0234375
7 0.5299479166666666 0.52880859375 0.018229166666666668 0.0205078125
7 0.5104166666666666 0.52880859375 0.018229166666666668 0.0205078125
7 0.4908854166666667 0.52783203125 0.018229166666666668 0.0205078125
6 0.548828125 0.52880859375 0.01953125 0.0205078125