12 0.4727474972191324 0.524390243902439 0.12680756395995552 0.1794871794871795
7 0.4694104560622914 0.516260162601626 0.03337041156840934 0.011882426516572859
11 0.46273637374860954 0.48874296435272047 0.01557285873192436 0.008130081300813009
11 0.46162402669632924 0.49562226391494685 0.017797552836484983 0.005628517823639775
11 0.5127919911012235 0.5322076297686054 0.026696329254727477 0.0050031269543464665
11 0.43548387096774194 0.5972482801751094 0.0389321468298109 0.012507817385866166
0 0.43882091212458285 0.46716697936210133 0.01668520578420467 0.006253908692933083
10 0.43103448275862066 0.48624140087554724 0.03670745272525028 0.010631644777986242
8 0.5105672969966629 0.508130081300813 0.03781979977753059 0.013133208255159476
7 0.4727474972191324 0.5525328330206379 0.035595105672969966 0.010631644777986242
5 0.47052280311457173 0.5400250156347718 0.03337041156840934 0.014383989993746092
5 0.43047830923248054 0.4524702939337086 0.03781979977753059 0.014383989993746092
4 0.43047830923248054 0.47498436522826765 0.04004449388209121 0.011882426516572859
1 0.5127919911012235 0.5409631019387117 0.04004449388209121 0.013758599124452783
3 0.5105672969966629 0.5231394621638524 0.03781979977753059 0.011882426516572859
2 0.4699666295884316 0.5250156347717323 0.03225806451612903 0.005628517823639775
2 0.4710789766407119 0.5609756097560976 0.034482758620689655 0.0050031269543464665
2 0.514460511679644 0.5509693558474046 0.0389321468298109 0.0050031269543464665
9 0.4688542825361513 0.5046904315196998 0.034482758620689655 0.012507817385866166