12 0.5618489583333334 0.4423828125 0.14192708333333334 0.154296875
1 0.5162760416666666 0.39013671875 0.014322916666666666 0.0107421875
1 0.5553385416666666 0.3701171875 0.016927083333333332 0.0078125
8 0.568359375 0.4306640625 0.03515625 0.01953125
7 0.5494791666666666 0.376953125 0.018229166666666668 0.009765625
6 0.509765625 0.3974609375 0.016927083333333332 0.009765625
2 0.5416666666666666 0.47802734375 0.03125 0.0166015625
6 0.5859375 0.4091796875 0.036458333333333336 0.021484375
6 0.5970052083333334 0.384765625 0.03515625 0.021484375
1 0.5247395833333334 0.49951171875 0.036458333333333336 0.0205078125
1 0.5579427083333334 0.455078125 0.03515625 0.0234375