0 0.4609375 0.5498046875 0.010416666666666666 0.0078125
2 0.525390625 0.56298828125 0.006510416666666667 0.0126953125
2 0.505859375 0.58203125 0.006510416666666667 0.01953125
2 0.4739583333333333 0.58056640625 0.005208333333333333 0.0166015625
7 0.515625 0.5810546875 0.013020833333333334 0.015625
7 0.4420572916666667 0.58251953125 0.009114583333333334 0.0146484375
3 0.4602864583333333 0.5615234375 0.01171875 0.013671875
3 0.4856770833333333 0.56201171875 0.010416666666666666 0.0146484375
4 0.4733072916666667 0.5615234375 0.01171875 0.013671875
4 0.4973958333333333 0.56201171875 0.010416666666666666 0.0146484375
11 0.4557291666666667 0.58251953125 0.0078125 0.0126953125
11 0.4270833333333333 0.544921875 0.013020833333333334 0.015625
11 0.4505208333333333 0.5458984375 0.013020833333333334 0.01171875
11 0.5638020833333334 0.54638671875 0.010416666666666666 0.0166015625
11 0.5748697916666666 0.54833984375 0.01171875 0.0126953125
12 0.501953125 0.56982421875 0.19140625 0.0810546875
1 0.4837239583333333 0.58056640625 0.014322916666666666 0.0166015625
1 0.5305989583333334 0.5458984375 0.01171875 0.015625
1 0.552734375 0.54638671875 0.01171875 0.0166015625
1 0.5104166666666666 0.5615234375 0.013020833333333334 0.015625
0 0.5397135416666666 0.5517578125 0.006510416666666667 0.009765625