7 0.72509765625 0.7747395833333334 0.0166015625 0.033854166666666664
11 0.69775390625 0.7805989583333334 0.0048828125 0.022135416666666668
12 0.70703125 0.7415364583333334 0.232421875 0.17317708333333334
11 0.65234375 0.7109375 0.013671875 0.028645833333333332
11 0.66650390625 0.7135416666666666 0.0146484375 0.0234375
11 0.73291015625 0.6966145833333334 0.0166015625 0.033854166666666664
11 0.74755859375 0.69921875 0.0126953125 0.0234375
11 0.76025390625 0.6966145833333334 0.0126953125 0.0234375
11 0.73779296875 0.7252604166666666 0.0068359375 0.013020833333333334
11 0.74609375 0.724609375 0.009765625 0.01171875
3 0.6923828125 0.7044270833333334 0.015625 0.033854166666666664
3 0.67041015625 0.78515625 0.0146484375 0.033854166666666664
10 0.68408203125 0.7408854166666666 0.0146484375 0.028645833333333332
7 0.69873046875 0.7376302083333334 0.0146484375 0.02734375
1 0.68701171875 0.78125 0.0166015625 0.033854166666666664
5 0.708984375 0.7760416666666666 0.017578125 0.028645833333333332
5 0.72802734375 0.732421875 0.0146484375 0.024739583333333332
11 0.6376953125 0.7135416666666666 0.013671875 0.03125
4 0.7138671875 0.7356770833333334 0.013671875 0.028645833333333332
4 0.7060546875 0.701171875 0.015625 0.032552083333333336
2 0.65966796875 0.74609375 0.0068359375 0.026041666666666668
1 0.61328125 0.7545572916666666 0.013671875 0.02734375
9 0.66943359375 0.7434895833333334 0.0146484375 0.026041666666666668