7 0.4592013888888889 0.427734375 0.015625 0.013671875
11 0.4479166666666667 0.4404296875 0.010416666666666666 0.0078125
11 0.4383680555555556 0.4404296875 0.008680555555555556 0.0078125
4 0.4947916666666667 0.427734375 0.013888888888888888 0.01171875
4 0.4071180555555556 0.4599609375 0.015625 0.013671875
2 0.4592013888888889 0.45947265625 0.008680555555555556 0.0146484375
6 0.4765625 0.427734375 0.015625 0.013671875
9 0.5286458333333334 0.42724609375 0.015625 0.0126953125
9 0.515625 0.458984375 0.017361111111111112 0.015625
1 0.5121527777777778 0.42724609375 0.017361111111111112 0.0126953125
1 0.4722222222222222 0.45947265625 0.020833333333333332 0.0146484375
3 0.4965277777777778 0.458984375 0.017361111111111112 0.015625
11 0.4765625 0.4404296875 0.012152777777777778 0.0078125
11 0.5277777777777778 0.44091796875 0.013888888888888888 0.0068359375
12 0.4861111111111111 0.44580078125 0.19791666666666666 0.0654296875
11 0.4574652777777778 0.4404296875 0.008680555555555556 0.0078125
11 0.4661458333333333 0.44091796875 0.008680555555555556 0.0087890625
11 0.5173611111111112 0.43994140625 0.006944444444444444 0.0087890625