12 0.33611111111111114 0.4096875 0.6633333333333333 0.318125
11 0.5694444444444444 0.3021875 0.023333333333333334 0.018125
1 0.36666666666666664 0.3503125 0.1622222222222222 0.109375
1 0.5177777777777778 0.34125 0.04888888888888889 0.03125
1 0.5361111111111111 0.32125 0.04777777777777778 0.03125
0 0.5433333333333333 0.339375 0.008888888888888889 0.00625
11 0.5572222222222222 0.3125 0.023333333333333334 0.01375
11 0.4438888888888889 0.32875 0.03222222222222222 0.01875
11 0.46111111111111114 0.3134375 0.03111111111111111 0.025625
11 0.46944444444444444 0.2971875 0.025555555555555557 0.020625
11 0.48055555555555557 0.29 0.034444444444444444 0.0175
10 0.20333333333333334 0.375 0.051111111111111114 0.03125
5 0.22722222222222221 0.346875 0.04777777777777778 0.0225
5 0.24222222222222223 0.3271875 0.04888888888888889 0.023125
11 0.2633333333333333 0.3196875 0.024444444444444446 0.015625
11 0.2761111111111111 0.306875 0.027777777777777776 0.02125
11 0.13055555555555556 0.4303125 0.021111111111111112 0.011875
11 0.13777777777777778 0.4228125 0.017777777777777778 0.008125
11 0.145 0.415 0.021111111111111112 0.0125
11 0.155 0.404375 0.023333333333333334 0.0125
11 0.15166666666666667 0.446875 0.021111111111111112 0.0125
11 0.16166666666666665 0.4359375 0.021111111111111112 0.010625
11 0.1711111111111111 0.42875 0.022222222222222223 0.01125
11 0.18055555555555555 0.4159375 0.021111111111111112 0.014375
11 0.19111111111111112 0.4040625 0.02 0.014375
11 0.3938888888888889 0.489375 0.021111111111111112 0.01375
11 0.4061111111111111 0.479375 0.023333333333333334 0.01625
11 0.41388888888888886 0.4703125 0.01888888888888889 0.010625
11 0.41888888888888887 0.4625 0.017777777777777778 0.01625
2 0.42944444444444446 0.4525 0.016666666666666666 0.01