0 0.34765625 0.5729885057471265 0.017578125 0.026436781609195402
11 0.548828125 0.621264367816092 0.0234375 0.026436781609195402
11 0.529296875 0.617816091954023 0.015625 0.03103448275862069
2 0.380859375 0.6954022988505747 0.017578125 0.05747126436781609
2 0.51416015625 0.6304597701149425 0.0146484375 0.05172413793103448
2 0.45361328125 0.6258620689655172 0.0146484375 0.05172413793103448
2 0.39111328125 0.6224137931034482 0.0166015625 0.05172413793103448
2 0.35986328125 0.6206896551724138 0.0166015625 0.052873563218390804
1 0.55859375 0.5649425287356322 0.03515625 0.067816091954023
1 0.49951171875 0.5614942528735632 0.0341796875 0.06551724137931035
0 0.521484375 0.582183908045977 0.015625 0.026436781609195402
11 0.42919921875 0.6982758620689655 0.0126953125 0.04252873563218391
3 0.453125 0.6982758620689655 0.03515625 0.06551724137931035
9 0.4892578125 0.7005747126436782 0.037109375 0.06551724137931035
10 0.47705078125 0.6270114942528736 0.0302734375 0.05632183908045977
8 0.416015625 0.6224137931034482 0.03125 0.05632183908045977
11 0.26708984375 0.5488505747126436 0.0361328125 0.06551724137931035
11 0.32470703125 0.5603448275862069 0.0322265625 0.05172413793103448
11 0.61376953125 0.5712643678160919 0.0302734375 0.06666666666666667
11 0.646484375 0.578735632183908 0.033203125 0.04942528735632184
2 0.4150390625 0.6988505747126437 0.015625 0.059770114942528735
12 0.45556640625 0.6310344827586207 0.4853515625 0.2689655172413793