11 0.5966666666666667 0.5590625 0.013333333333333334 0.010625
7 0.5133333333333333 0.5425 0.022222222222222223 0.02
7 0.5633333333333334 0.541875 0.022222222222222223 0.01875
9 0.5394444444444444 0.5415625 0.023333333333333334 0.019375
6 0.6127777777777778 0.5415625 0.021111111111111112 0.019375
5 0.595 0.5859375 0.027777777777777776 0.020625
4 0.59 0.54125 0.024444444444444446 0.02
1 0.44 0.5871875 0.022222222222222223 0.019375
12 0.5538888888888889 0.5684375 0.28555555555555556 0.090625
1 0.5311111111111111 0.5859375 0.022222222222222223 0.021875
1 0.5683333333333334 0.5859375 0.025555555555555557 0.023125
2 0.515 0.5859375 0.012222222222222223 0.020625
11 0.6111111111111112 0.5596875 0.017777777777777778 0.009375
11 0.5494444444444444 0.586875 0.0077777777777777776 0.0175
11 0.4861111111111111 0.560625 0.014444444444444444 0.01125
11 0.5344444444444445 0.5596875 0.013333333333333334 0.010625
11 0.5111111111111111 0.56 0.011111111111111112 0.01125
11 0.49944444444444447 0.5603125 0.012222222222222223 0.011875
11 0.5222222222222223 0.5603125 0.011111111111111112 0.011875