12 0.546875 0.7440476190476191 0.197265625 0.19047619047619047
10 0.5390625 0.7400793650793651 0.01171875 0.03968253968253968
10 0.52685546875 0.7420634920634921 0.0126953125 0.03968253968253968
9 0.59521484375 0.6904761904761905 0.0126953125 0.04365079365079365
9 0.5830078125 0.691468253968254 0.01171875 0.04563492063492063
9 0.619140625 0.6875 0.013671875 0.04563492063492063
0 0.60546875 0.7023809523809523 0.0078125 0.01984126984126984
11 0.58154296875 0.7301587301587301 0.0107421875 0.015873015873015872
11 0.5732421875 0.7281746031746031 0.005859375 0.01984126984126984
11 0.5380859375 0.6944444444444444 0.01171875 0.04365079365079365
11 0.525390625 0.6964285714285714 0.01171875 0.04365079365079365
11 0.51318359375 0.6964285714285714 0.0107421875 0.04365079365079365
11 0.501953125 0.6974206349206349 0.01171875 0.04563492063492063
11 0.48974609375 0.6994047619047619 0.0126953125 0.04563492063492063
11 0.46630859375 0.7013888888888888 0.0146484375 0.04563492063492063
11 0.53466796875 0.7946428571428571 0.0068359375 0.037698412698412696
2 0.505859375 0.7440476190476191 0.005859375 0.03968253968253968
2 0.568359375 0.7380952380952381 0.005859375 0.03968253968253968
3 0.552734375 0.7400793650793651 0.01171875 0.04365079365079365
1 0.4658203125 0.748015873015873 0.01171875 0.03968253968253968
5 0.5146484375 0.7430555555555556 0.01171875 0.037698412698412696