11 0.7234375 0.6783333333333333 0.009375 0.013333333333333334
7 0.7003125 0.72375 0.015625 0.035833333333333335
7 0.686875 0.6516666666666666 0.0125 0.03166666666666667
8 0.7059375 0.685 0.010625 0.03
10 0.6478125 0.6883333333333334 0.013125 0.028333333333333332
11 0.673125 0.7254166666666667 0.00625 0.025833333333333333
11 0.7403125 0.6516666666666666 0.011875 0.025
11 0.7259375 0.6529166666666667 0.014375 0.024166666666666666
12 0.68125 0.6904166666666667 0.22125 0.1325
11 0.715 0.6775 0.00875 0.015
11 0.6196875 0.6566666666666666 0.014375 0.03166666666666667
3 0.6615625 0.68875 0.014375 0.029166666666666667
2 0.6503125 0.7283333333333334 0.008125 0.035
2 0.6809375 0.68875 0.008125 0.030833333333333334
2 0.6940625 0.6858333333333333 0.008125 0.028333333333333332
2 0.6371875 0.6891666666666667 0.006875 0.028333333333333332
11 0.6325 0.6570833333333334 0.0125 0.030833333333333334
1 0.591875 0.6920833333333334 0.01375 0.0275
9 0.661875 0.72625 0.015 0.0325
4 0.6840625 0.72375 0.015625 0.035833333333333335
11 0.64625 0.6591666666666667 0.0125 0.023333333333333334
11 0.7125 0.65 0.015 0.03166666666666667
3 0.6728125 0.6525 0.015625 0.03166666666666667