12 0.5434027777777778 0.521484375 0.2986111111111111 0.1015625
1 0.4305555555555556 0.55322265625 0.04861111111111111 0.0283203125
4 0.4157986111111111 0.5009765625 0.022569444444444444 0.015625
8 0.6822916666666666 0.4765625 0.017361111111111112 0.013671875
1 0.5225694444444444 0.52734375 0.04513888888888889 0.02734375
3 0.4782986111111111 0.5400390625 0.050347222222222224 0.029296875
1 0.4331597222222222 0.49560546875 0.022569444444444444 0.0146484375
2 0.6076388888888888 0.50244140625 0.027777777777777776 0.0263671875
5 0.5685763888888888 0.51318359375 0.03993055555555555 0.0263671875
5 0.6510416666666666 0.486328125 0.034722222222222224 0.021484375
1 0.40625 0.52880859375 0.020833333333333332 0.0146484375