12 0.48444444444444446 0.4259375 0.20444444444444446 0.081875
8 0.5611111111111111 0.395625 0.035555555555555556 0.02
1 0.385 0.441875 0.014444444444444444 0.01
8 0.43555555555555553 0.440625 0.04 0.02
4 0.3861111111111111 0.4209375 0.012222222222222223 0.009375
5 0.4166666666666667 0.3965625 0.013333333333333334 0.009375
1 0.3972222222222222 0.416875 0.014444444444444444 0.01
1 0.42944444444444446 0.39 0.016666666666666666 0.01
1 0.41388888888888886 0.4553125 0.034444444444444444 0.019375
6 0.4672222222222222 0.428125 0.04111111111111111 0.0225
6 0.5305555555555556 0.4059375 0.03888888888888889 0.024375