11 0.77099609375 0.6328125 0.0107421875 0.013020833333333334
12 0.73095703125 0.6471354166666666 0.2236328125 0.13541666666666666
11 0.69189453125 0.6126302083333334 0.0146484375 0.024739583333333332
11 0.67822265625 0.6139322916666666 0.0126953125 0.024739583333333332
11 0.6640625 0.6106770833333334 0.013671875 0.033854166666666664
10 0.70751953125 0.642578125 0.0146484375 0.029947916666666668
9 0.72265625 0.6412760416666666 0.013671875 0.029947916666666668
9 0.69384765625 0.6432291666666666 0.0146484375 0.028645833333333332
9 0.74658203125 0.6783854166666666 0.0166015625 0.033854166666666664
3 0.71875 0.607421875 0.015625 0.032552083333333336
11 0.76171875 0.6315104166666666 0.0078125 0.013020833333333334
4 0.7294921875 0.6796875 0.015625 0.033854166666666664
3 0.70751953125 0.6809895833333334 0.0166015625 0.033854166666666664
3 0.69091796875 0.6822916666666666 0.0166015625 0.033854166666666664
2 0.75537109375 0.6393229166666666 0.0068359375 0.026041666666666668
2 0.68359375 0.64453125 0.005859375 0.026041666666666668
1 0.63671875 0.6471354166666666 0.013671875 0.028645833333333332
11 0.787109375 0.6067708333333334 0.013671875 0.0234375
11 0.7734375 0.607421875 0.013671875 0.024739583333333332
11 0.759765625 0.6048177083333334 0.015625 0.032552083333333336
8 0.732421875 0.60546875 0.013671875 0.03125
7 0.7373046875 0.640625 0.015625 0.028645833333333332