4 0.39416666666666667 0.546875 0.013333333333333334 0.01625
2 0.43833333333333335 0.5478125 0.006666666666666667 0.015625
1 0.44875 0.5478125 0.014166666666666666 0.018125
6 0.45416666666666666 0.5140625 0.013333333333333334 0.015625
6 0.4691666666666667 0.5478125 0.015 0.018125
5 0.4683333333333333 0.514375 0.013333333333333334 0.0125
4 0.48333333333333334 0.5140625 0.011666666666666667 0.015625
4 0.44 0.51375 0.011666666666666667 0.015
7 0.4975 0.514375 0.013333333333333334 0.015
10 0.4841666666666667 0.5484375 0.015 0.016875
11 0.4870833333333333 0.5284375 0.005833333333333334 0.009375
11 0.4504166666666667 0.5275 0.005833333333333334 0.0075
11 0.49625 0.5290625 0.010833333333333334 0.006875
12 0.4583333333333333 0.53375 0.17833333333333334 0.08
3 0.425 0.5134375 0.013333333333333334 0.014375
11 0.4375 0.5271875 0.006666666666666667 0.006875
11 0.44416666666666665 0.5275 0.006666666666666667 0.0075
11 0.4220833333333333 0.5265625 0.0075 0.008125
11 0.43041666666666667 0.5271875 0.0075 0.008125
11 0.45875 0.54875 0.005833333333333334 0.0125