11 0.48475222363405335 0.6659375 0.016518424396442185 0.005625
0 0.4110546378653113 0.65375 0.011435832274459974 0.0075
11 0.3386277001270648 0.65 0.016518424396442185 0.01375
11 0.3583227445997459 0.6496875 0.015247776365946633 0.013125
11 0.37801778907242695 0.6503125 0.016518424396442185 0.013125
11 0.397712833545108 0.6509375 0.017789072426937738 0.014375
11 0.3468869123252859 0.69 0.017789072426937738 0.01625
11 0.4714104193138501 0.665 0.010165184243964422 0.00875
12 0.4199491740787802 0.6709375 0.28081321473951715 0.068125
11 0.30241423125794153 0.646875 0.022871664548919948 0.0175
1 0.29415501905972047 0.6653125 0.01905972045743329 0.016875
1 0.5476493011435832 0.6521875 0.020330368487928845 0.019375
2 0.3119440914866582 0.689375 0.008894536213468869 0.015
2 0.3735705209656925 0.688125 0.010165184243964422 0.02
3 0.3742058449809403 0.66625 0.021601016518424398 0.01625
4 0.49047013977128334 0.6515625 0.020330368487928845 0.020625
4 0.5266836086404066 0.651875 0.01905972045743329 0.01875
4 0.3233799237611182 0.6890625 0.01397712833545108 0.014375
5 0.46823379923761116 0.650625 0.021601016518424398 0.0175
6 0.4199491740787802 0.6878125 0.0241423125794155 0.019375
7 0.4358322744599746 0.6671875 0.020330368487928845 0.015625
9 0.44536213468869124 0.6884375 0.0241423125794155 0.018125
10 0.45552731893265563 0.668125 0.01905972045743329 0.01625
10 0.4155019059720457 0.6671875 0.017789072426937738 0.015625
10 0.39580686149936467 0.6659375 0.01905972045743329 0.015625
10 0.391994917407878 0.6875 0.0241423125794155 0.01875