4 0.4065040650406504 0.27734375 0.02032520325203252 0.017578125
4 0.46239837398373984 0.2783203125 0.018292682926829267 0.01953125
2 0.3882113821138211 0.30322265625 0.012195121951219513 0.0205078125
8 0.4349593495934959 0.27685546875 0.024390243902439025 0.0185546875
5 0.41260162601626016 0.30224609375 0.028455284552845527 0.0205078125
9 0.44308943089430897 0.302734375 0.024390243902439025 0.021484375
9 0.3475609756097561 0.27734375 0.024390243902439025 0.017578125
12 0.39634146341463417 0.27685546875 0.35365853658536583 0.0927734375
3 0.3475609756097561 0.302734375 0.028455284552845527 0.021484375
3 0.3201219512195122 0.27783203125 0.022357723577235773 0.0185546875
1 0.37601626016260165 0.2783203125 0.024390243902439025 0.017578125