1 0.5407986111111112 0.49755859375 0.019097222222222224 0.0166015625
0 0.5303819444444444 0.50537109375 0.005208333333333333 0.0048828125
11 0.4635416666666667 0.5087890625 0.010416666666666666 0.009765625
11 0.4756944444444444 0.51025390625 0.013888888888888888 0.0068359375
2 0.4366319444444444 0.5224609375 0.015625 0.017578125
2 0.4600694444444444 0.5234375 0.013888888888888888 0.01953125
9 0.4782986111111111 0.52392578125 0.022569444444444444 0.0185546875
5 0.5026041666666666 0.52490234375 0.022569444444444444 0.0185546875
7 0.5277777777777778 0.525390625 0.024305555555555556 0.01953125
4 0.5529513888888888 0.5263671875 0.022569444444444444 0.01953125
12 0.4904513888888889 0.51220703125 0.1753472222222222 0.0634765625
1 0.5182291666666666 0.49755859375 0.019097222222222224 0.0166015625