0 0.741869918699187 0.47375 0.02032520325203252 0.01375
12 0.5426829268292683 0.500625 0.6571815718157181 0.13
11 0.27235772357723576 0.469375 0.04065040650406504 0.0325
11 0.3143631436314363 0.469375 0.037940379403794036 0.0325
11 0.43021680216802166 0.466875 0.036585365853658534 0.03375
11 0.4715447154471545 0.4678125 0.04065040650406504 0.033125
11 0.513550135501355 0.4671875 0.04065040650406504 0.034375
11 0.5555555555555556 0.4659375 0.04065040650406504 0.033125
11 0.6632791327913279 0.495 0.03116531165311653 0.01375
11 0.6355013550135501 0.49375 0.024390243902439025 0.01625
11 0.505420054200542 0.5409375 0.018970189701897018 0.025625
1 0.470189701897019 0.5415625 0.04336043360433604 0.034375
1 0.5169376693766937 0.5015625 0.03929539295392954 0.030625
2 0.5508130081300813 0.5396875 0.017615176151761516 0.033125
2 0.4037940379403794 0.5028125 0.018970189701897018 0.033125
2 0.4356368563685637 0.5425 0.023035230352303523 0.035
3 0.559620596205962 0.5 0.03523035230352303 0.03125
4 0.47560975609756095 0.5025 0.03523035230352303 0.03
4 0.6036585365853658 0.5003125 0.03387533875338753 0.031875
2 0.3556910569105691 0.4709375 0.03387533875338753 0.035625
7 0.7886178861788617 0.463125 0.051490514905149054 0.03875
7 0.5880758807588076 0.539375 0.04878048780487805 0.03375
6 0.4329268292682927 0.5025 0.036585365853658534 0.03
10 0.6686991869918699 0.465625 0.036585365853658534 0.03375
9 0.7113821138211383 0.4653125 0.04065040650406504 0.035625