11 0.42276422764227645 0.35546875 0.008130081300813009 0.01171875
5 0.4380081300813008 0.3564453125 0.022357723577235773 0.0234375
2 0.47459349593495936 0.35595703125 0.018292682926829267 0.0224609375
7 0.4034552845528455 0.35546875 0.026422764227642278 0.025390625
1 0.4867886178861789 0.33251953125 0.026422764227642278 0.0205078125
12 0.4176829268292683 0.328125 0.3434959349593496 0.08984375
2 0.4654471544715447 0.33251953125 0.016260162601626018 0.0185546875
4 0.4339430894308943 0.33154296875 0.022357723577235773 0.0205078125
2 0.4095528455284553 0.3310546875 0.018292682926829267 0.017578125
9 0.37703252032520324 0.33056640625 0.03048780487804878 0.0205078125
3 0.3485772357723577 0.3310546875 0.026422764227642278 0.01953125