4 0.80322265625 0.5755208333333334 0.0380859375 0.078125
11 0.8525390625 0.4680989583333333 0.015625 0.040364583333333336
11 0.873046875 0.47265625 0.021484375 0.03125
2 0.75390625 0.3997395833333333 0.02734375 0.08072916666666667
2 0.7861328125 0.3990885416666667 0.025390625 0.08203125
2 0.658203125 0.4811197916666667 0.015625 0.06640625
2 0.6806640625 0.5729166666666666 0.01953125 0.07291666666666667
1 0.548828125 0.4759114583333333 0.033203125 0.06640625
1 0.71923828125 0.4817708333333333 0.0341796875 0.06770833333333333
7 0.68408203125 0.4817708333333333 0.0341796875 0.06770833333333333
9 0.7548828125 0.4830729166666667 0.03125 0.06770833333333333
9 0.7099609375 0.5729166666666666 0.041015625 0.078125
6 0.76171875 0.57421875 0.0390625 0.078125
12 0.75244140625 0.4869791666666667 0.4931640625 0.3151041666666667
10 0.8251953125 0.4837239583333333 0.033203125 0.06901041666666667
4 0.78955078125 0.482421875 0.0322265625 0.06901041666666667
11 0.62158203125 0.3958333333333333 0.0361328125 0.08072916666666667
11 0.65576171875 0.4069010416666667 0.0302734375 0.061197916666666664
11 0.68896484375 0.4075520833333333 0.0361328125 0.059895833333333336
11 0.85302734375 0.400390625 0.0361328125 0.07942708333333333
11 0.8876953125 0.412109375 0.03125 0.055989583333333336
11 0.92138671875 0.4134114583333333 0.0341796875 0.061197916666666664