11 0.5807291666666666 0.46435546875 0.015625 0.0068359375
2 0.5329861111111112 0.44873046875 0.013888888888888888 0.0185546875
2 0.515625 0.44873046875 0.013888888888888888 0.0185546875
2 0.4852430555555556 0.4677734375 0.008680555555555556 0.015625
2 0.4661458333333333 0.4677734375 0.008680555555555556 0.015625
2 0.4800347222222222 0.4892578125 0.008680555555555556 0.017578125
11 0.5685763888888888 0.46484375 0.008680555555555556 0.0078125
12 0.5251736111111112 0.46875 0.2899305555555556 0.068359375
8 0.5190972222222222 0.4677734375 0.017361111111111112 0.015625
11 0.6050347222222222 0.45068359375 0.019097222222222224 0.0126953125
11 0.5859375 0.45068359375 0.019097222222222224 0.0126953125
11 0.5677083333333334 0.44873046875 0.017361111111111112 0.0185546875
11 0.4800347222222222 0.451171875 0.019097222222222224 0.013671875
11 0.4626736111111111 0.45068359375 0.019097222222222224 0.0126953125
11 0.4435763888888889 0.44873046875 0.019097222222222224 0.0185546875
2 0.5425347222222222 0.4677734375 0.008680555555555556 0.015625
7 0.5555555555555556 0.4677734375 0.017361111111111112 0.015625
1 0.4947916666666667 0.48876953125 0.020833333333333332 0.0185546875
1 0.5225694444444444 0.48876953125 0.020833333333333332 0.0185546875
1 0.5451388888888888 0.48828125 0.020833333333333332 0.01953125
8 0.5 0.46728515625 0.017361111111111112 0.0146484375