8 0.64111328125 0.7491319444444444 0.0205078125 0.05381944444444445
2 0.6240234375 0.7526041666666666 0.01171875 0.050347222222222224
0 0.673828125 0.7664930555555556 0.005859375 0.012152777777777778
11 0.5419921875 0.8203125 0.005859375 0.03298611111111111
11 0.55078125 0.8185763888888888 0.01171875 0.03298611111111111
12 0.63623046875 0.8420138888888888 0.2724609375 0.3125
11 0.533203125 0.8211805555555556 0.01171875 0.034722222222222224
11 0.5205078125 0.8211805555555556 0.013671875 0.034722222222222224
11 0.6318359375 0.8888888888888888 0.01171875 0.04861111111111111
11 0.68408203125 0.8029513888888888 0.0146484375 0.022569444444444444
11 0.67138671875 0.7994791666666666 0.0107421875 0.029513888888888888
9 0.66162109375 0.7482638888888888 0.0205078125 0.05555555555555555
8 0.68603515625 0.7447916666666666 0.0185546875 0.052083333333333336