7 0.554375 0.5708333333333333 0.02875 0.058333333333333334
12 0.6309375 0.58 0.475625 0.27666666666666667
11 0.7034375 0.49916666666666665 0.029375 0.065
11 0.7325 0.5083333333333333 0.02875 0.04833333333333333
11 0.7615625 0.50875 0.028125 0.049166666666666664
11 0.70375 0.55875 0.01375 0.029166666666666667
11 0.7215625 0.5620833333333334 0.021875 0.0225
11 0.6021875 0.6529166666666667 0.013125 0.04416666666666667
2 0.6146875 0.4975 0.018125 0.06666666666666667
2 0.5953125 0.5716666666666667 0.010625 0.05333333333333334
2 0.5328125 0.5704166666666667 0.009375 0.0525
2 0.5896875 0.6533333333333333 0.011875 0.06
2 0.6365625 0.6533333333333333 0.011875 0.06
7 0.660625 0.6533333333333333 0.0325 0.06666666666666667
2 0.4421875 0.5695833333333333 0.010625 0.0525
1 0.6175 0.5708333333333333 0.02875 0.058333333333333334
7 0.644375 0.4979166666666667 0.03 0.06583333333333333
3 0.5434375 0.6520833333333333 0.033125 0.06583333333333333
11 0.556875 0.5008333333333334 0.02625 0.056666666666666664
11 0.5265625 0.505 0.026875 0.04833333333333333
11 0.4978125 0.49541666666666667 0.028125 0.06416666666666666
10 0.6484375 0.5716666666666667 0.029375 0.058333333333333334
9 0.679375 0.5729166666666666 0.03125 0.0575