3 0.6923828125 0.48828125 0.025390625 0.049479166666666664
4 0.6083984375 0.55859375 0.02734375 0.0546875
10 0.61279296875 0.4895833333333333 0.0244140625 0.049479166666666664
11 0.71240234375 0.42578125 0.0263671875 0.057291666666666664
12 0.6513671875 0.4973958333333333 0.40625 0.23958333333333334
3 0.666015625 0.4889322916666667 0.025390625 0.048177083333333336
3 0.6787109375 0.5579427083333334 0.029296875 0.055989583333333336
4 0.6484375 0.5592447916666666 0.02734375 0.055989583333333336
6 0.5859375 0.490234375 0.025390625 0.05078125
3 0.638671875 0.4889322916666667 0.025390625 0.05078125
1 0.482421875 0.490234375 0.0234375 0.048177083333333336
2 0.56787109375 0.490234375 0.0107421875 0.045572916666666664
11 0.587890625 0.435546875 0.025390625 0.04296875
11 0.537109375 0.4283854166666667 0.025390625 0.057291666666666664
11 0.56201171875 0.427734375 0.0224609375 0.055989583333333336
2 0.66259765625 0.4264322916666667 0.0166015625 0.055989583333333336
3 0.63671875 0.4264322916666667 0.025390625 0.055989583333333336
11 0.712890625 0.4765625 0.01171875 0.026041666666666668
11 0.72900390625 0.4791666666666667 0.0205078125 0.020833333333333332
11 0.76318359375 0.4322916666666667 0.0263671875 0.041666666666666664
11 0.7373046875 0.4329427083333333 0.025390625 0.04296875
3 0.578125 0.5598958333333334 0.029296875 0.057291666666666664