6 0.60302734375 0.6970486111111112 0.0126953125 0.03298611111111111
10 0.619140625 0.6588541666666666 0.009765625 0.029513888888888888
10 0.55419921875 0.703125 0.0087890625 0.024305555555555556
10 0.58740234375 0.6961805555555556 0.0126953125 0.034722222222222224
7 0.60888671875 0.6597222222222222 0.0087890625 0.027777777777777776
7 0.60693359375 0.6258680555555556 0.0107421875 0.03298611111111111
2 0.5966796875 0.6267361111111112 0.0078125 0.034722222222222224
2 0.619140625 0.6970486111111112 0.005859375 0.03298611111111111
9 0.58837890625 0.6588541666666666 0.0107421875 0.029513888888888888
12 0.60546875 0.6614583333333334 0.162109375 0.125
11 0.6337890625 0.6536458333333334 0.0078125 0.012152777777777778
11 0.626953125 0.6527777777777778 0.005859375 0.017361111111111112
11 0.63525390625 0.6276041666666666 0.0087890625 0.026041666666666668
11 0.62548828125 0.625 0.0107421875 0.03125
11 0.64501953125 0.6284722222222222 0.0107421875 0.024305555555555556
11 0.578125 0.6276041666666666 0.01171875 0.03298611111111111
11 0.56787109375 0.6310763888888888 0.0087890625 0.026041666666666668
11 0.55859375 0.6276041666666666 0.009765625 0.03298611111111111
11 0.5654296875 0.7022569444444444 0.0078125 0.026041666666666668
1 0.5380859375 0.6614583333333334 0.009765625 0.03125
8 0.5986328125 0.6588541666666666 0.009765625 0.029513888888888888
3 0.578125 0.6605902777777778 0.009765625 0.029513888888888888