3 0.38083333333333336 0.5456535334584115 0.02 0.023139462163852407
12 0.41833333333333333 0.5293933708567855 0.20666666666666667 0.08692933083176986
7 0.4558333333333333 0.5478424015009381 0.018333333333333333 0.0225140712945591
6 0.43083333333333335 0.5472170106316447 0.018333333333333333 0.023764853033145718
3 0.35583333333333333 0.5444027517198249 0.02 0.023139462163852407
1 0.40625 0.5456535334584115 0.019166666666666665 0.021888680425265792
1 0.48041666666666666 0.5490931832395247 0.019166666666666665 0.0225140712945591
0 0.4554166666666667 0.5318949343339587 0.005833333333333334 0.0068792995622263915
10 0.4008333333333333 0.516260162601626 0.028333333333333332 0.03189493433395872
10 0.43875 0.5178236397748592 0.0275 0.031269543464665414
10 0.47708333333333336 0.5193871169480926 0.0275 0.030644152595372107