12 0.62375 0.46791666666666665 0.56375 0.3308333333333333
3 0.605 0.4625 0.035 0.07333333333333333
7 0.5340625 0.4625 0.031875 0.075
9 0.6359375 0.37666666666666665 0.040625 0.08666666666666667
2 0.531875 0.5583333333333333 0.0175 0.075
2 0.6490625 0.46208333333333335 0.015625 0.06583333333333333
2 0.5778125 0.46291666666666664 0.015625 0.06583333333333333
2 0.5065625 0.4633333333333333 0.016875 0.065
2 0.6003125 0.37666666666666665 0.030625 0.085
11 0.7265625 0.4504166666666667 0.026875 0.0325
11 0.703125 0.44625 0.0175 0.0425
11 0.771875 0.3879166666666667 0.03625 0.06583333333333333
11 0.7353125 0.38625 0.035625 0.06416666666666666
11 0.70125 0.37625 0.03375 0.08583333333333333
11 0.53375 0.3875 0.03375 0.065
11 0.499375 0.3879166666666667 0.03375 0.06583333333333333
11 0.465 0.37666666666666665 0.035 0.08666666666666667
8 0.658125 0.5533333333333333 0.03375 0.08333333333333333
4 0.6171875 0.55625 0.035625 0.08083333333333333
10 0.67625 0.46291666666666664 0.03375 0.07416666666666667
1 0.5621875 0.5566666666666666 0.038125 0.08166666666666667