4 0.4641927083333333 0.5 0.01171875 0.017578125
8 0.4837239583333333 0.52001953125 0.014322916666666666 0.0205078125
2 0.46875 0.52099609375 0.0078125 0.0185546875
2 0.5123697916666666 0.521484375 0.006510416666666667 0.01953125
2 0.4817708333333333 0.49951171875 0.0078125 0.0166015625
1 0.5240885416666666 0.5 0.014322916666666666 0.015625
12 0.498046875 0.51220703125 0.11848958333333333 0.0517578125
8 0.5266927083333334 0.52099609375 0.014322916666666666 0.0205078125
8 0.4947916666666667 0.4990234375 0.010416666666666666 0.015625
10 0.5416666666666666 0.50048828125 0.013020833333333334 0.0166015625
10 0.5091145833333334 0.5 0.013020833333333334 0.017578125