11 0.5084635416666666 0.52880859375 0.016927083333333332 0.0205078125
2 0.529296875 0.517578125 0.01953125 0.025390625
2 0.4811197916666667 0.5439453125 0.01953125 0.025390625
10 0.4947916666666667 0.53662109375 0.033854166666666664 0.0341796875
2 0.4609375 0.50634765625 0.018229166666666668 0.0224609375
2 0.4407552083333333 0.515625 0.01953125 0.0234375
7 0.4733072916666667 0.5 0.029947916666666668 0.029296875
12 0.4973958333333333 0.49365234375 0.3541666666666667 0.2529296875
11 0.5364583333333334 0.4609375 0.013020833333333334 0.01171875
4 0.5104166666666666 0.48095703125 0.028645833333333332 0.0283203125
9 0.5423177083333334 0.5107421875 0.032552083333333336 0.033203125
7 0.52734375 0.47216796875 0.028645833333333332 0.0283203125
11 0.5475260416666666 0.45654296875 0.014322916666666666 0.0126953125
8 0.4915364583333333 0.4873046875 0.02734375 0.0234375