2 0.5434375 0.39916666666666667 0.016875 0.06333333333333334
2 0.6146875 0.39958333333333335 0.015625 0.0625
9 0.6725 0.31333333333333335 0.035 0.08166666666666667
7 0.5690625 0.39875 0.033125 0.06916666666666667
3 0.6403125 0.3983333333333333 0.031875 0.06833333333333333
3 0.556875 0.49 0.0375 0.07666666666666666
3 0.650625 0.49083333333333334 0.0375 0.07833333333333334
8 0.6771875 0.3975 0.031875 0.07
6 0.7103125 0.3975 0.031875 0.07
12 0.6596875 0.40625 0.550625 0.31583333333333335
6 0.69125 0.49083333333333334 0.03625 0.07833333333333334
1 0.5971875 0.49083333333333334 0.036875 0.07666666666666666
11 0.5034375 0.31375 0.035625 0.08083333333333333
11 0.5378125 0.32458333333333333 0.033125 0.059166666666666666
11 0.5709375 0.32416666666666666 0.034375 0.058333333333333334
11 0.7375 0.3829166666666667 0.015 0.0375
11 0.7596875 0.38625 0.026875 0.025833333333333333
11 0.738125 0.31375 0.03375 0.0775
11 0.7725 0.32208333333333333 0.03375 0.0575
11 0.8075 0.3233333333333333 0.03625 0.06
11 0.6234375 0.49083333333333334 0.014375 0.051666666666666666
2 0.6359375 0.31375 0.026875 0.08083333333333333