5 0.5324074074074074 0.50390625 0.016666666666666666 0.013020833333333334
1 0.48935185185185187 0.5044270833333333 0.017592592592592594 0.015104166666666667
3 0.4666666666666667 0.5044270833333333 0.016666666666666666 0.015104166666666667
0 0.5300925925925926 0.49322916666666666 0.006481481481481481 0.004166666666666667
12 0.5013888888888889 0.49192708333333335 0.16203703703703703 0.0484375
3 0.4462962962962963 0.5044270833333333 0.016666666666666666 0.015104166666666667
10 0.5101851851851852 0.5041666666666667 0.016666666666666666 0.014583333333333334
10 0.5472222222222223 0.48411458333333335 0.024074074074074074 0.021354166666666667
10 0.5148148148148148 0.48463541666666665 0.024074074074074074 0.021354166666666667
6 0.4810185185185185 0.48515625 0.021296296296296296 0.021354166666666667
2 0.45740740740740743 0.48541666666666666 0.009259259259259259 0.01875
2 0.5583333333333333 0.50390625 0.009259259259259259 0.0140625