12 0.3235677083333333 0.38916015625 0.6419270833333334 0.3935546875
11 0.08072916666666667 0.2861328125 0.0234375 0.015625
11 0.13346354166666666 0.30615234375 0.024739583333333332 0.0146484375
11 0.10546875 0.30908203125 0.026041666666666668 0.0166015625
11 0.07942708333333333 0.3125 0.0234375 0.013671875
11 0.055989583333333336 0.31494140625 0.018229166666666668 0.0146484375
11 0.5240885416666666 0.4658203125 0.016927083333333332 0.01953125
11 0.5475260416666666 0.46484375 0.024739583333333332 0.015625
11 0.13671875 0.51123046875 0.018229166666666668 0.0185546875
11 0.1640625 0.509765625 0.026041666666666668 0.01953125
11 0.18424479166666666 0.5068359375 0.009114583333333334 0.021484375
11 0.20442708333333334 0.50634765625 0.0234375 0.0263671875
11 0.046875 0.28857421875 0.020833333333333332 0.0166015625
11 0.035807291666666664 0.31689453125 0.022135416666666668 0.0146484375
11 0.4251302083333333 0.408203125 0.022135416666666668 0.03125
11 0.458984375 0.40771484375 0.037760416666666664 0.0263671875
11 0.4869791666666667 0.40185546875 0.018229166666666668 0.0302734375
11 0.5091145833333334 0.3984375 0.0234375 0.033203125
1 0.24088541666666666 0.28564453125 0.0390625 0.0458984375
1 0.3391927083333333 0.376953125 0.13411458333333334 0.130859375
6 0.28515625 0.2802734375 0.0390625 0.048828125
2 0.224609375 0.50341796875 0.01171875 0.0224609375
2 0.16145833333333334 0.29345703125 0.013020833333333334 0.0419921875
3 0.1875 0.29150390625 0.033854166666666664 0.0478515625
4 0.4186197916666667 0.470703125 0.03515625 0.041015625
8 0.5006510416666666 0.458984375 0.032552083333333336 0.04296875
8 0.4622395833333333 0.46533203125 0.0390625 0.0458984375
11 0.21419270833333334 0.291015625 0.009114583333333334 0.02734375
11 0.3430989583333333 0.26220703125 0.024739583333333332 0.0224609375
11 0.3177083333333333 0.2646484375 0.020833333333333332 0.0234375
11 0.10677083333333333 0.28271484375 0.0234375 0.0146484375
11 0.064453125 0.2880859375 0.009114583333333334 0.017578125