3 0.369140625 0.3795572916666667 0.015625 0.032552083333333336
11 0.4267578125 0.3763020833333333 0.01171875 0.013020833333333334
11 0.4482421875 0.345703125 0.015625 0.02734375
2 0.32275390625 0.3782552083333333 0.0068359375 0.029947916666666668
11 0.41650390625 0.33984375 0.0166015625 0.036458333333333336
11 0.33544921875 0.3385416666666667 0.0146484375 0.03125
11 0.30419921875 0.3359375 0.0166015625 0.0390625
4 0.40380859375 0.380859375 0.0146484375 0.032552083333333336
4 0.26904296875 0.375 0.0146484375 0.03125
6 0.38623046875 0.380859375 0.0146484375 0.032552083333333336
3 0.39404296875 0.4270833333333333 0.0185546875 0.0390625
11 0.4169921875 0.373046875 0.0078125 0.016927083333333332
7 0.3837890625 0.3385416666666667 0.015625 0.036458333333333336
9 0.35205078125 0.3782552083333333 0.0166015625 0.032552083333333336
9 0.3349609375 0.3782552083333333 0.015625 0.032552083333333336
1 0.34814453125 0.4251302083333333 0.0185546875 0.037760416666666664
3 0.3681640625 0.3385416666666667 0.015625 0.036458333333333336
3 0.3740234375 0.4264322916666667 0.017578125 0.037760416666666664
2 0.33544921875 0.4251302083333333 0.0068359375 0.03515625
11 0.4326171875 0.345703125 0.015625 0.02734375
11 0.3193359375 0.3404947916666667 0.015625 0.02734375
12 0.3759765625 0.3841145833333333 0.267578125 0.16666666666666666