12 0.6223958333333334 0.47216796875 0.16493055555555555 0.0556640625
6 0.6588541666666666 0.48388671875 0.022569444444444444 0.0205078125
10 0.6085069444444444 0.484375 0.026041666666666668 0.01953125
10 0.6857638888888888 0.48486328125 0.024305555555555556 0.0224609375
2 0.5651041666666666 0.4833984375 0.015625 0.01953125
2 0.5894097222222222 0.484375 0.012152777777777778 0.01953125
2 0.640625 0.484375 0.010416666666666666 0.021484375
1 0.6475694444444444 0.455078125 0.020833333333333332 0.015625
1 0.6727430555555556 0.45556640625 0.022569444444444444 0.0166015625
0 0.6605902777777778 0.46337890625 0.008680555555555556 0.0068359375
11 0.59375 0.46826171875 0.010416666666666666 0.0107421875
11 0.6059027777777778 0.46923828125 0.013888888888888888 0.0068359375