10 0.431640625 0.52294921875 0.053385416666666664 0.0634765625
12 0.4095052083333333 0.53173828125 0.8190104166666666 0.2939453125
2 0.5208333333333334 0.451171875 0.0390625 0.072265625
2 0.2265625 0.52734375 0.0234375 0.05859375
11 0.3157552083333333 0.45263671875 0.053385416666666664 0.0693359375
2 0.48046875 0.6083984375 0.020833333333333332 0.0703125
2 0.2727864583333333 0.6083984375 0.02734375 0.0703125
1 0.052083333333333336 0.52685546875 0.052083333333333336 0.0615234375
1 0.572265625 0.4482421875 0.05078125 0.0703125
1 0.7278645833333334 0.4482421875 0.059895833333333336 0.072265625
0 0.6634114583333334 0.47119140625 0.03515625 0.0302734375
11 0.5592447916666666 0.5126953125 0.04296875 0.025390625
11 0.525390625 0.50927734375 0.02734375 0.0341796875
11 0.05859375 0.4541015625 0.049479166666666664 0.072265625
11 0.11067708333333333 0.45361328125 0.046875 0.0693359375
11 0.16015625 0.453125 0.049479166666666664 0.0703125
11 0.21158854166666666 0.45361328125 0.05078125 0.0693359375
11 0.2643229166666667 0.45263671875 0.049479166666666664 0.0693359375
8 0.3190104166666667 0.60693359375 0.052083333333333336 0.0693359375
5 0.4016927083333333 0.609375 0.06901041666666667 0.06640625
4 0.322265625 0.52490234375 0.05078125 0.0615234375
4 0.4876302083333333 0.5244140625 0.048177083333333336 0.060546875
6 0.3763020833333333 0.52392578125 0.052083333333333336 0.0615234375
7 0.2649739583333333 0.5263671875 0.05078125 0.064453125
8 0.6256510416666666 0.44970703125 0.053385416666666664 0.0712890625