2 0.5462239583333334 0.59326171875 0.014322916666666666 0.0439453125
2 0.5130208333333334 0.4990234375 0.0234375 0.044921875
3 0.4811197916666667 0.59521484375 0.03515625 0.0439453125
3 0.416015625 0.54443359375 0.032552083333333336 0.0380859375
3 0.4850260416666667 0.54345703125 0.032552083333333336 0.0380859375
3 0.5188802083333334 0.54296875 0.032552083333333336 0.037109375
7 0.544921875 0.498046875 0.032552083333333336 0.04296875
4 0.318359375 0.5458984375 0.029947916666666668 0.037109375
4 0.5748697916666666 0.59228515625 0.037760416666666664 0.0439453125
5 0.4498697916666667 0.5439453125 0.032552083333333336 0.03515625
1 0.5872395833333334 0.5419921875 0.03125 0.037109375
11 0.5084635416666666 0.59423828125 0.016927083333333332 0.0322265625
11 0.3841145833333333 0.50146484375 0.033854166666666664 0.0439453125
2 0.4544270833333333 0.59619140625 0.015625 0.0419921875
12 0.529296875 0.546875 0.5247395833333334 0.162109375
2 0.5638020833333334 0.54296875 0.013020833333333334 0.0390625
11 0.416015625 0.5048828125 0.029947916666666668 0.033203125
11 0.6412760416666666 0.5009765625 0.032552083333333336 0.03125
11 0.609375 0.498046875 0.03125 0.044921875
11 0.451171875 0.50048828125 0.03515625 0.0380859375
11 0.6341145833333334 0.53466796875 0.026041666666666668 0.0185546875
11 0.6139322916666666 0.53271484375 0.014322916666666666 0.0205078125
11 0.6751302083333334 0.5 0.03515625 0.033203125