12 0.518125 0.5610263522884882 0.08625 0.09292649098474341
2 0.48875 0.5880721220527045 0.0025 0.019417475728155338
1 0.483125 0.5603328710124826 0.00625 0.022191400832177532
3 0.4921875 0.5880721220527045 0.004375 0.019417475728155338
7 0.5109375 0.5589459084604715 0.006875 0.022191400832177532
2 0.518125 0.558252427184466 0.00375 0.018030513176144243
8 0.5225 0.5575589459084604 0.00625 0.019417475728155338
5 0.528125 0.5575589459084604 0.00625 0.019417475728155338
3 0.50375 0.5839112343966713 0.00625 0.024965325936199722
1 0.5103125 0.5839112343966713 0.006875 0.024965325936199722
6 0.5184375 0.5825242718446602 0.006875 0.024965325936199722
4 0.525625 0.5825242718446602 0.0075 0.024965325936199722
11 0.5046875 0.5360610263522885 0.006875 0.023578363384188627
11 0.49875 0.5395284327323162 0.005 0.019417475728155338
11 0.49375 0.5374479889042996 0.00625 0.023578363384188627
11 0.5303125 0.5346740638002774 0.006875 0.023578363384188627
11 0.5396875 0.536754507628294 0.010625 0.019417475728155338
11 0.535 0.5540915395284327 0.0075 0.009708737864077669
11 0.498125 0.5880721220527045 0.005 0.019417475728155338
2 0.515 0.5360610263522885 0.005 0.023578363384188627
10 0.5209375 0.5346740638002774 0.006875 0.023578363384188627
3 0.505 0.5596393897364771 0.00625 0.020804438280166437