1 0.5066666666666667 0.47625 0.015 0.0175
2 0.49666666666666665 0.4759375 0.006666666666666667 0.016875
2 0.5329166666666667 0.4759375 0.009166666666666667 0.016875
4 0.54375 0.4759375 0.0125 0.019375
11 0.5445833333333333 0.455625 0.005833333333333334 0.00875
12 0.5158333333333334 0.4615625 0.16333333333333333 0.068125
7 0.5120833333333333 0.441875 0.014166666666666666 0.01625
10 0.5558333333333333 0.4425 0.015 0.01625
11 0.55375 0.4565625 0.010833333333333334 0.006875
11 0.48041666666666666 0.455625 0.0075 0.00875
11 0.48833333333333334 0.455625 0.008333333333333333 0.00875
11 0.49625 0.455625 0.0075 0.00875
4 0.49833333333333335 0.441875 0.011666666666666667 0.015
11 0.5025 0.455625 0.006666666666666667 0.00875
11 0.51 0.455625 0.006666666666666667 0.00875
4 0.5408333333333334 0.4421875 0.013333333333333334 0.015625
3 0.485 0.4421875 0.013333333333333334 0.015625
6 0.52625 0.441875 0.0125 0.01625