2 0.6455078125 0.5182291666666666 0.0078125 0.046875
11 0.63525390625 0.5694444444444444 0.0126953125 0.027777777777777776
11 0.6484375 0.5694444444444444 0.013671875 0.027777777777777776
11 0.66015625 0.5677083333333334 0.01171875 0.027777777777777776
11 0.67138671875 0.5677083333333334 0.0126953125 0.027777777777777776
11 0.68212890625 0.5659722222222222 0.0107421875 0.027777777777777776
11 0.73828125 0.5616319444444444 0.009765625 0.026041666666666668
8 0.72998046875 0.5078125 0.0166015625 0.050347222222222224
9 0.662109375 0.515625 0.01953125 0.052083333333333336
12 0.70361328125 0.5954861111111112 0.2724609375 0.3020833333333333
1 0.71435546875 0.6440972222222222 0.0224609375 0.0625
1 0.5947265625 0.6545138888888888 0.021484375 0.059027777777777776
3 0.65771484375 0.6484375 0.0224609375 0.0642361111111111
8 0.73876953125 0.640625 0.0205078125 0.059027777777777776
4 0.681640625 0.6467013888888888 0.021484375 0.0642361111111111
3 0.7509765625 0.5086805555555556 0.017578125 0.052083333333333336
11 0.7509765625 0.5642361111111112 0.015625 0.020833333333333332
11 0.69775390625 0.6440972222222222 0.0087890625 0.041666666666666664
10 0.70654296875 0.5121527777777778 0.0205078125 0.052083333333333336
5 0.6845703125 0.5147569444444444 0.01953125 0.046875