11 0.5286458333333334 0.5029296875 0.013020833333333334 0.015625
3 0.4537760416666667 0.501953125 0.016927083333333332 0.01953125
1 0.361328125 0.52294921875 0.014322916666666666 0.0185546875
10 0.46875 0.50048828125 0.015625 0.0185546875
9 0.423828125 0.52197265625 0.014322916666666666 0.0166015625
6 0.462890625 0.54443359375 0.016927083333333332 0.0185546875
11 0.5091145833333334 0.51806640625 0.010416666666666666 0.0068359375
11 0.4088541666666667 0.50439453125 0.015625 0.0146484375
11 0.423828125 0.50341796875 0.016927083333333332 0.0146484375
11 0.5123697916666666 0.5029296875 0.014322916666666666 0.015625
11 0.392578125 0.501953125 0.014322916666666666 0.01953125
2 0.4609375 0.521484375 0.005208333333333333 0.015625
2 0.4127604166666667 0.5224609375 0.005208333333333333 0.015625
5 0.4811197916666667 0.544921875 0.016927083333333332 0.017578125
11 0.5006510416666666 0.517578125 0.006510416666666667 0.009765625
6 0.4388020833333333 0.544921875 0.018229166666666668 0.01953125
12 0.4576822916666667 0.5244140625 0.24609375 0.078125
6 0.4720052083333333 0.52197265625 0.014322916666666666 0.0166015625
8 0.4889322916666667 0.521484375 0.014322916666666666 0.015625
11 0.498046875 0.5009765625 0.014322916666666666 0.01953125
4 0.4401041666666667 0.52197265625 0.015625 0.0166015625