2 0.45426829268292684 0.34326171875 0.014227642276422764 0.0224609375
2 0.39227642276422764 0.34326171875 0.016260162601626018 0.0224609375
2 0.41971544715447157 0.3193359375 0.014227642276422764 0.017578125
1 0.41565040650406504 0.34375 0.026422764227642278 0.0234375
10 0.4410569105691057 0.3193359375 0.024390243902439025 0.01953125
8 0.49898373983739835 0.31884765625 0.022357723577235773 0.0185546875
12 0.4298780487804878 0.31494140625 0.3556910569105691 0.0927734375
4 0.4684959349593496 0.31884765625 0.022357723577235773 0.0185546875
4 0.4796747967479675 0.34326171875 0.028455284552845527 0.0244140625
0 0.483739837398374 0.326171875 0.008130081300813009 0.005859375
11 0.4329268292682927 0.34375 0.008130081300813009 0.013671875