11 0.4716666666666667 0.499375 0.008333333333333333 0.0075
11 0.4633333333333333 0.4990625 0.006666666666666667 0.008125
11 0.5295833333333333 0.4996875 0.005833333333333334 0.008125
8 0.5266666666666666 0.4853125 0.011666666666666667 0.015625
12 0.4875 0.504375 0.14333333333333334 0.06625
4 0.48125 0.485 0.010833333333333334 0.015
4 0.5404166666666667 0.4846875 0.0125 0.014375
4 0.5116666666666667 0.520625 0.013333333333333334 0.02125
2 0.5320833333333334 0.5203125 0.0075 0.018125
2 0.49541666666666667 0.520625 0.009166666666666667 0.01875
1 0.43416666666666665 0.520625 0.015 0.01625
3 0.47541666666666665 0.5209375 0.015833333333333335 0.019375
3 0.46708333333333335 0.485 0.014166666666666666 0.01625
6 0.49541666666666667 0.4853125 0.0125 0.015625
11 0.5383333333333333 0.5 0.01 0.00625
10 0.5104166666666666 0.485625 0.014166666666666666 0.01625
11 0.49375 0.499375 0.0075 0.0075
11 0.48583333333333334 0.499375 0.006666666666666667 0.0075
11 0.47875 0.4990625 0.005833333333333334 0.008125