4 0.4573170731707317 0.39599609375 0.024390243902439025 0.0224609375
9 0.47560975609756095 0.3740234375 0.024390243902439025 0.017578125
1 0.39634146341463417 0.373046875 0.024390243902439025 0.017578125
3 0.3434959349593496 0.3720703125 0.024390243902439025 0.01953125
9 0.3699186991869919 0.373046875 0.024390243902439025 0.017578125
9 0.42276422764227645 0.37353515625 0.024390243902439025 0.0185546875
4 0.4502032520325203 0.37353515625 0.022357723577235773 0.0185546875
12 0.4115853658536585 0.37060546875 0.32723577235772355 0.0869140625
2 0.43597560975609756 0.39599609375 0.018292682926829267 0.0205078125
1 0.3983739837398374 0.39501953125 0.024390243902439025 0.0224609375
2 0.375 0.39501953125 0.014227642276422764 0.0224609375
11 0.4146341463414634 0.39501953125 0.008130081300813009 0.0126953125