5 0.494140625 0.63623046875 0.029947916666666668 0.0361328125
6 0.509765625 0.59765625 0.024739583333333332 0.033203125
12 0.4915364583333333 0.59814453125 0.3997395833333333 0.1396484375
0 0.4055989583333333 0.572265625 0.01171875 0.017578125
11 0.3990885416666667 0.640625 0.024739583333333332 0.03125
11 0.4739583333333333 0.63671875 0.0078125 0.029296875
11 0.5729166666666666 0.5927734375 0.018229166666666668 0.015625
11 0.556640625 0.591796875 0.014322916666666666 0.017578125
11 0.650390625 0.568359375 0.029947916666666668 0.029296875
11 0.6236979166666666 0.5634765625 0.0234375 0.0390625
11 0.3841145833333333 0.56591796875 0.03125 0.0302734375
11 0.337890625 0.5625 0.032552083333333336 0.0390625
5 0.3684895833333333 0.64013671875 0.026041666666666668 0.0283203125
1 0.3313802083333333 0.59765625 0.029947916666666668 0.033203125
10 0.4524739583333333 0.63671875 0.032552083333333336 0.0390625
8 0.52734375 0.6357421875 0.03125 0.037109375
4 0.529296875 0.5634765625 0.024739583333333332 0.037109375
4 0.4342447916666667 0.59716796875 0.024739583333333332 0.0361328125
4 0.4856770833333333 0.59716796875 0.0234375 0.0341796875
3 0.5026041666666666 0.5625 0.03125 0.037109375
3 0.5540364583333334 0.5634765625 0.022135416666666668 0.037109375
3 0.5983072916666666 0.5634765625 0.02734375 0.0390625
0 0.572265625 0.57373046875 0.014322916666666666 0.0166015625
3 0.4049479166666667 0.59765625 0.028645833333333332 0.03515625
3 0.53515625 0.5986328125 0.026041666666666668 0.033203125
5 0.4596354166666667 0.59716796875 0.026041666666666668 0.0322265625