11 0.4453125 0.57568359375 0.03298611111111111 0.0166015625
12 0.3220486111111111 0.5849609375 0.6440972222222222 0.158203125
11 0.4175347222222222 0.57470703125 0.019097222222222224 0.0224609375
11 0.2873263888888889 0.62939453125 0.019097222222222224 0.0322265625
0 0.5277777777777778 0.5517578125 0.024305555555555556 0.01953125
2 0.1857638888888889 0.5849609375 0.017361111111111112 0.03515625
2 0.22135416666666666 0.6298828125 0.019097222222222224 0.041015625
11 0.2560763888888889 0.541015625 0.043402777777777776 0.041015625
11 0.2977430555555556 0.54052734375 0.03993055555555555 0.0400390625
11 0.3368055555555556 0.54052734375 0.034722222222222224 0.0400390625
6 0.3671875 0.6298828125 0.043402777777777776 0.04296875
5 0.578125 0.5419921875 0.052083333333333336 0.04296875
4 0.3203125 0.6279296875 0.03993055555555555 0.04296875
11 0.2152777777777778 0.54052734375 0.03819444444444445 0.0400390625
11 0.1753472222222222 0.54150390625 0.034722222222222224 0.0419921875
11 0.13802083333333334 0.54052734375 0.03993055555555555 0.0419921875
11 0.09809027777777778 0.541015625 0.03993055555555555 0.04296875
11 0.05642361111111111 0.54150390625 0.043402777777777776 0.0419921875
4 0.4956597222222222 0.5400390625 0.03993055555555555 0.044921875
10 0.4557291666666667 0.5400390625 0.03993055555555555 0.041015625
9 0.3880208333333333 0.58203125 0.03993055555555555 0.03515625
9 0.3038194444444444 0.5830078125 0.041666666666666664 0.03515625
4 0.2612847222222222 0.5830078125 0.036458333333333336 0.03515625
1 0.2543402777777778 0.62939453125 0.043402777777777776 0.0400390625
7 0.21614583333333334 0.58349609375 0.03993055555555555 0.0361328125
3 0.3454861111111111 0.58154296875 0.041666666666666664 0.0341796875