11 0.5420833333333334 0.64875 0.0175 0.0225
11 0.5654166666666667 0.65125 0.0275 0.0175
11 0.31166666666666665 0.7215625 0.03 0.034375
6 0.5391666666666667 0.6078125 0.03666666666666667 0.046875
6 0.50375 0.6078125 0.035833333333333335 0.046875
7 0.49583333333333335 0.7153125 0.043333333333333335 0.048125
7 0.39375 0.715625 0.04416666666666667 0.04875
8 0.4033333333333333 0.6575 0.03333333333333333 0.04
3 0.325 0.6575 0.03833333333333333 0.0425
2 0.46625 0.71625 0.015833333333333335 0.045
4 0.4395833333333333 0.6584375 0.0375 0.041875
5 0.47708333333333336 0.65875 0.03916666666666667 0.03875
9 0.5141666666666667 0.6584375 0.03833333333333333 0.041875
0 0.56625 0.6228125 0.019166666666666665 0.018125
0 0.3204166666666667 0.6225 0.020833333333333332 0.0175
11 0.68 0.6140625 0.03833333333333333 0.035625
11 0.64125 0.6084375 0.0325 0.048125
11 0.29291666666666666 0.6134375 0.035833333333333335 0.035625
11 0.22291666666666668 0.608125 0.03916666666666667 0.04875
11 0.4241666666666667 0.715 0.016666666666666666 0.0325
12 0.45416666666666666 0.66125 0.5666666666666667 0.185
4 0.3641666666666667 0.6584375 0.03666666666666667 0.041875
8 0.2733333333333333 0.721875 0.028333333333333332 0.03375
2 0.46958333333333335 0.6075 0.025833333333333333 0.0475
2 0.6091666666666666 0.608125 0.025 0.0475