2 0.7041015625 0.6966145833333334 0.009765625 0.03125
10 0.7177734375 0.6959635416666666 0.017578125 0.03515625
4 0.7314453125 0.65625 0.015625 0.03125
3 0.74609375 0.6555989583333334 0.013671875 0.029947916666666668
6 0.759765625 0.654296875 0.013671875 0.029947916666666668
5 0.73876953125 0.6940104166666666 0.0166015625 0.03125
7 0.755859375 0.6940104166666666 0.017578125 0.036458333333333336
2 0.69140625 0.658203125 0.009765625 0.029947916666666668
10 0.7021484375 0.658203125 0.013671875 0.029947916666666668
11 0.6728515625 0.6256510416666666 0.015625 0.03515625
11 0.68701171875 0.6282552083333334 0.0126953125 0.024739583333333332
11 0.701171875 0.6276041666666666 0.015625 0.026041666666666668
11 0.76806640625 0.6204427083333334 0.0146484375 0.032552083333333336
11 0.7822265625 0.6223958333333334 0.013671875 0.026041666666666668
11 0.79638671875 0.6223958333333334 0.0146484375 0.026041666666666668
11 0.7705078125 0.6471354166666666 0.005859375 0.015625
11 0.77880859375 0.6484375 0.0107421875 0.013020833333333334
5 0.740234375 0.62109375 0.015625 0.033854166666666664
1 0.64599609375 0.6608072916666666 0.0146484375 0.029947916666666668
1 0.716796875 0.658203125 0.015625 0.029947916666666668
12 0.73876953125 0.66015625 0.2275390625 0.14322916666666666