11 0.5572916666666666 0.53369140625 0.010416666666666666 0.0166015625
3 0.4557291666666667 0.55029296875 0.013020833333333334 0.0146484375
0 0.533203125 0.5390625 0.006510416666666667 0.005859375
1 0.5162760416666666 0.55029296875 0.01171875 0.0126953125
1 0.5462239583333334 0.5341796875 0.01171875 0.015625
1 0.5240885416666666 0.5341796875 0.01171875 0.015625
11 0.4524739583333333 0.57080078125 0.009114583333333334 0.0126953125
11 0.568359375 0.53564453125 0.01171875 0.0126953125
11 0.5325520833333334 0.54736328125 0.0078125 0.0068359375
11 0.525390625 0.546875 0.006510416666666667 0.0078125
11 0.4453125 0.53564453125 0.013020833333333334 0.0126953125
11 0.423828125 0.53466796875 0.014322916666666666 0.0166015625
0 0.455078125 0.53857421875 0.006510416666666667 0.0068359375
12 0.4967447916666667 0.5517578125 0.18880208333333334 0.068359375
10 0.5110677083333334 0.568359375 0.014322916666666666 0.017578125
10 0.4778645833333333 0.568359375 0.015625 0.015625
5 0.4381510416666667 0.5703125 0.01171875 0.01171875
5 0.4811197916666667 0.5498046875 0.01171875 0.013671875
4 0.4680989583333333 0.55029296875 0.01171875 0.0146484375
2 0.5 0.56787109375 0.0078125 0.0166015625
2 0.4954427083333333 0.5498046875 0.006510416666666667 0.013671875
3 0.5045572916666666 0.5498046875 0.01171875 0.013671875