11 0.5125313283208021 0.5690625 0.015873015873015872 0.040625
11 0.7343358395989975 0.4528125 0.04177109440267335 0.041875
11 0.6917293233082706 0.4528125 0.03341687552213868 0.040625
11 0.6507936507936508 0.4465625 0.04344193817878028 0.055625
11 0.360484544695071 0.443125 0.03926482873851295 0.05375
11 0.40225563909774437 0.45 0.03759398496240601 0.04
11 0.4452798663324979 0.4496875 0.04177109440267335 0.040625
11 0.38345864661654133 0.5771875 0.03341687552213868 0.039375
11 0.6808688387635756 0.4971875 0.03007518796992481 0.021875
11 0.6532999164578112 0.4940625 0.02172096908939014 0.026875
1 0.5747702589807853 0.5040625 0.036758563074352546 0.050625
1 0.6194653299916458 0.504375 0.03759398496240601 0.05
1 0.5701754385964912 0.4459375 0.042606516290726815 0.053125
1 0.33458646616541354 0.5759375 0.030910609857978277 0.041875
2 0.4139515455304929 0.5040625 0.01921470342522974 0.054375
2 0.4553049289891395 0.5028125 0.01670843776106934 0.048125
2 0.5634920634920635 0.570625 0.015873015873015872 0.055
2 0.4452798663324979 0.570625 0.01670843776106934 0.05375
2 0.31119465329991647 0.578125 0.014202172096908938 0.0425
3 0.531328320802005 0.5034375 0.040100250626566414 0.048125
3 0.5267335004177109 0.445 0.042606516290726815 0.055
3 0.47953216374269003 0.5696875 0.040100250626566414 0.058125
4 0.5994152046783626 0.57 0.04928989139515455 0.06
9 0.48872180451127817 0.5034375 0.03842940685045948 0.051875
12 0.5463659147869674 0.5046875 0.6716791979949874 0.226875