3 0.6271875 0.55125 0.013125 0.029166666666666667
2 0.6203125 0.58375 0.005625 0.0275
2 0.594375 0.5845833333333333 0.005 0.025833333333333333
2 0.605625 0.61875 0.005 0.029166666666666667
2 0.640625 0.6166666666666667 0.00625 0.03166666666666667
1 0.6165625 0.6179166666666667 0.014375 0.030833333333333334
11 0.6896875 0.5504166666666667 0.013125 0.0225
11 0.6659375 0.57375 0.005625 0.014166666666666666
11 0.67375 0.5745833333333333 0.01 0.010833333333333334
5 0.6396875 0.55 0.011875 0.03166666666666667
9 0.6434375 0.5808333333333333 0.011875 0.02666666666666667
10 0.6515625 0.6158333333333333 0.014375 0.03
4 0.656875 0.5795833333333333 0.01125 0.025833333333333333
10 0.6040625 0.58375 0.011875 0.0275
11 0.6028125 0.5554166666666667 0.011875 0.024166666666666666
11 0.66375 0.54875 0.0125 0.029166666666666667
11 0.6765625 0.55125 0.011875 0.0225
11 0.5903125 0.5583333333333333 0.011875 0.023333333333333334
12 0.6378125 0.58625 0.205625 0.13416666666666666
9 0.6303125 0.5825 0.011875 0.02666666666666667
11 0.5778125 0.5554166666666667 0.011875 0.030833333333333334