11 0.4891666666666667 0.4153125 0.006666666666666667 0.008125
11 0.4820833333333333 0.4146875 0.005833333333333334 0.008125
11 0.5333333333333333 0.416875 0.011666666666666667 0.0075
11 0.525 0.415625 0.006666666666666667 0.00875
11 0.46 0.415 0.008333333333333333 0.00875
11 0.46791666666666665 0.4146875 0.0075 0.008125
11 0.47541666666666665 0.4146875 0.0075 0.008125
12 0.49666666666666665 0.42125 0.16666666666666666 0.07375
11 0.4975 0.435625 0.006666666666666667 0.01375
9 0.5208333333333334 0.4015625 0.013333333333333334 0.015625
9 0.535 0.40125 0.013333333333333334 0.015
7 0.4925 0.4009375 0.013333333333333334 0.016875
4 0.47875 0.4009375 0.0125 0.016875
6 0.5070833333333333 0.4015625 0.0125 0.015625
3 0.46375 0.4003125 0.014166666666666666 0.016875
3 0.5233333333333333 0.435625 0.015 0.0175
1 0.4866666666666667 0.4353125 0.015 0.018125
2 0.47541666666666665 0.435625 0.005833333333333334 0.0175
2 0.5116666666666667 0.4359375 0.006666666666666667 0.016875