1 0.6316666666666667 0.3640625 0.023333333333333334 0.018125
2 0.6116666666666667 0.365 0.016666666666666666 0.0175
5 0.6544444444444445 0.3653125 0.017777777777777778 0.015625
5 0.6811111111111111 0.365 0.024444444444444446 0.015
2 0.6472222222222223 0.3421875 0.01888888888888889 0.021875
4 0.6766666666666666 0.34125 0.03111111111111111 0.02625
3 0.5566666666666666 0.36375 0.022222222222222223 0.02
3 0.5811111111111111 0.364375 0.022222222222222223 0.02
2 0.5727777777777778 0.341875 0.016666666666666666 0.0225
1 0.6 0.340625 0.03111111111111111 0.025
12 0.6222222222222222 0.35 0.18666666666666668 0.05375