6 0.3854166666666667 0.35107421875 0.059027777777777776 0.0302734375
6 0.2769097222222222 0.32373046875 0.03298611111111111 0.0166015625
2 0.3194444444444444 0.39404296875 0.059027777777777776 0.0283203125
12 0.3272569444444444 0.38720703125 0.2725694444444444 0.1455078125
8 0.4392361111111111 0.3154296875 0.024305555555555556 0.013671875
1 0.2439236111111111 0.42919921875 0.057291666666666664 0.0263671875
1 0.22743055555555555 0.3427734375 0.03125 0.013671875
1 0.2925347222222222 0.31689453125 0.03298611111111111 0.0126953125
1 0.20225694444444445 0.38525390625 0.03298611111111111 0.0146484375
1 0.19618055555555555 0.4208984375 0.027777777777777776 0.013671875
4 0.2795138888888889 0.4111328125 0.0625 0.025390625
5 0.4383680555555556 0.33642578125 0.043402777777777776 0.0263671875
5 0.21788194444444445 0.35009765625 0.029513888888888888 0.0126953125
6 0.3498263888888889 0.369140625 0.0642361111111111 0.03125