2 0.5765625 0.50375 0.004375 0.025833333333333333
1 0.506875 0.5070833333333333 0.01375 0.025833333333333333
11 0.6290625 0.49541666666666667 0.010625 0.0125
11 0.6215625 0.49375 0.005625 0.014166666666666666
11 0.559375 0.47583333333333333 0.0125 0.025
11 0.545625 0.47541666666666665 0.0125 0.029166666666666667
11 0.53375 0.47375 0.01375 0.034166666666666665
11 0.6203125 0.46875 0.013125 0.029166666666666667
11 0.6328125 0.4716666666666667 0.011875 0.021666666666666667
12 0.590625 0.5079166666666667 0.20625 0.12083333333333333
1 0.57125 0.5375 0.0175 0.03
2 0.55 0.5058333333333334 0.005 0.023333333333333334
1 0.5984375 0.5016666666666667 0.013125 0.02666666666666667
11 0.6459375 0.47208333333333335 0.014375 0.024166666666666666
2 0.58375 0.4708333333333333 0.01 0.03166666666666667
3 0.5553125 0.5379166666666667 0.013125 0.029166666666666667
4 0.6121875 0.5 0.010625 0.02666666666666667
5 0.60625 0.535 0.015 0.02666666666666667
6 0.590625 0.5370833333333334 0.015 0.030833333333333334
6 0.5853125 0.5016666666666667 0.011875 0.02666666666666667
10 0.56 0.50375 0.0125 0.025833333333333333
10 0.595625 0.4691666666666667 0.0125 0.03