5 0.39655172413793105 0.5550343964978112 0.018909899888765295 0.01813633520950594
12 0.42436040044493883 0.5590994371482176 0.3281423804226919 0.08380237648530331
11 0.4866518353726363 0.5522201375859912 0.014460511679644048 0.008755472170106316
11 0.4733036707452725 0.5509693558474046 0.010011123470522803 0.010006253908692933
11 0.3576195773081201 0.533458411507192 0.021134593993325918 0.021263289555972485
11 0.3359288097886541 0.5337711069418386 0.017797552836484983 0.020637898686679174
11 0.3170189098998888 0.5340838023764853 0.017797552836484983 0.020012507817385866
11 0.29810901001112344 0.5337711069418386 0.020022246941045607 0.020637898686679174
0 0.5283648498331479 0.540650406504065 0.013348164627363738 0.009380863039399626
7 0.37486095661846497 0.5547217010631644 0.017797552836484983 0.017510944340212633
7 0.5522803114571746 0.5350218886804252 0.02335928809788654 0.020637898686679174
6 0.5122358175750834 0.5340838023764853 0.018909899888765295 0.020012507817385866
6 0.43770856507230255 0.5550343964978112 0.018909899888765295 0.01813633520950594
6 0.4482758620689655 0.5784865540963102 0.02224694104560623 0.021263289555972485
6 0.42436040044493883 0.5781738586616635 0.02335928809788654 0.020637898686679174
1 0.39265850945494996 0.5781738586616635 0.02224694104560623 0.020637898686679174
1 0.492769744160178 0.534396497811132 0.020022246941045607 0.020637898686679174
1 0.4582869855394883 0.5547217010631644 0.02224694104560623 0.01876172607879925
2 0.4721913236929922 0.5337711069418386 0.01668520578420467 0.021888680425265792
2 0.3604004449388209 0.5553470919324578 0.008898776418242492 0.01876172607879925
2 0.3759733036707453 0.5781738586616635 0.008898776418242492 0.020637898686679174
5 0.41768631813125695 0.5547217010631644 0.018909899888765295 0.017510944340212633