11 0.71142578125 0.3528645833333333 0.0263671875 0.044270833333333336
12 0.623046875 0.4140625 0.44140625 0.2526041666666667
8 0.63232421875 0.3444010416666667 0.0244140625 0.061197916666666664
8 0.6650390625 0.4114583333333333 0.021484375 0.052083333333333336
11 0.59326171875 0.4869791666666667 0.0107421875 0.0390625
11 0.70068359375 0.4029947916666667 0.0205078125 0.01953125
11 0.6845703125 0.3997395833333333 0.01171875 0.028645833333333332
11 0.7373046875 0.3522135416666667 0.025390625 0.045572916666666664
6 0.634765625 0.412109375 0.025390625 0.053385416666666664
2 0.52978515625 0.4134114583333333 0.0087890625 0.048177083333333336
2 0.55029296875 0.48828125 0.0107421875 0.0546875
1 0.572265625 0.48828125 0.029296875 0.059895833333333336
4 0.61572265625 0.48828125 0.0283203125 0.057291666666666664
3 0.646484375 0.4876302083333333 0.03125 0.061197916666666664
3 0.60400390625 0.3444010416666667 0.0263671875 0.061197916666666664
11 0.49658203125 0.3444010416666667 0.0263671875 0.061197916666666664
11 0.5244140625 0.3522135416666667 0.025390625 0.045572916666666664
11 0.55078125 0.3528645833333333 0.02734375 0.044270833333333336
11 0.68359375 0.34375 0.025390625 0.0625
10 0.57763671875 0.4127604166666667 0.0263671875 0.052083333333333336
7 0.6064453125 0.412109375 0.025390625 0.053385416666666664
6 0.5498046875 0.412109375 0.025390625 0.053385416666666664