11 0.5286458333333334 0.45556640625 0.008680555555555556 0.0068359375
12 0.5416666666666666 0.46044921875 0.19791666666666666 0.0654296875
10 0.5677083333333334 0.4443359375 0.017361111111111112 0.013671875
11 0.5720486111111112 0.45654296875 0.008680555555555556 0.0068359375
11 0.5824652777777778 0.45703125 0.012152777777777778 0.005859375
11 0.4939236111111111 0.45556640625 0.008680555555555556 0.0068359375
11 0.5034722222222222 0.45556640625 0.010416666666666666 0.0068359375
11 0.5121527777777778 0.45556640625 0.006944444444444444 0.0068359375
11 0.5199652777777778 0.45556640625 0.008680555555555556 0.0068359375
11 0.5390625 0.47412109375 0.008680555555555556 0.0107421875
7 0.5164930555555556 0.443359375 0.015625 0.013671875
6 0.5338541666666666 0.443359375 0.015625 0.013671875
1 0.5503472222222222 0.443359375 0.013888888888888888 0.013671875
1 0.5251736111111112 0.474609375 0.019097222222222224 0.015625
1 0.5685763888888888 0.474609375 0.019097222222222224 0.015625
2 0.5138888888888888 0.474609375 0.006944444444444444 0.015625
9 0.5842013888888888 0.44384765625 0.015625 0.0126953125
5 0.5503472222222222 0.474609375 0.017361111111111112 0.013671875