2 0.4270833333333333 0.5048828125 0.026041666666666668 0.021484375
1 0.3177083333333333 0.56640625 0.0078125 0.009765625
5 0.3274739583333333 0.50927734375 0.01171875 0.0107421875
6 0.3626302083333333 0.4873046875 0.01171875 0.009765625
1 0.3444010416666667 0.5732421875 0.02734375 0.021484375
1 0.4069010416666667 0.5224609375 0.029947916666666668 0.021484375
1 0.3333333333333333 0.50341796875 0.015625 0.0107421875
1 0.318359375 0.537109375 0.009114583333333334 0.01171875
1 0.369140625 0.48193359375 0.01171875 0.0087890625
6 0.3626302083333333 0.5537109375 0.032552083333333336 0.0234375
5 0.388671875 0.5390625 0.02734375 0.021484375
5 0.447265625 0.4873046875 0.024739583333333332 0.015625
12 0.3938802083333333 0.537109375 0.16015625 0.119140625