1 0.501953125 0.41796875 0.037760416666666664 0.044921875
12 0.5227864583333334 0.419921875 0.6106770833333334 0.216796875
9 0.5364583333333334 0.3662109375 0.036458333333333336 0.05078125
2 0.3951822916666667 0.416015625 0.01953125 0.044921875
2 0.435546875 0.416015625 0.01953125 0.04296875
2 0.4244791666666667 0.47509765625 0.015625 0.0498046875
2 0.4993489583333333 0.36572265625 0.024739583333333332 0.0517578125
2 0.552734375 0.41943359375 0.016927083333333332 0.0439453125
1 0.4557291666666667 0.4765625 0.044270833333333336 0.052734375
8 0.5625 0.47705078125 0.0390625 0.0498046875
8 0.46484375 0.416015625 0.033854166666666664 0.04296875
3 0.5143229166666666 0.4775390625 0.044270833333333336 0.052734375
10 0.5807291666666666 0.4189453125 0.033854166666666664 0.044921875
11 0.3515625 0.36279296875 0.0390625 0.0498046875
11 0.3899739583333333 0.36865234375 0.037760416666666664 0.0400390625
11 0.42578125 0.36328125 0.028645833333333332 0.05078125
11 0.607421875 0.3671875 0.037760416666666664 0.05078125
11 0.6458333333333334 0.37451171875 0.036458333333333336 0.0380859375
11 0.6842447916666666 0.3740234375 0.037760416666666664 0.0390625
11 0.6100260416666666 0.40869140625 0.016927083333333332 0.0244140625
11 0.6334635416666666 0.412109375 0.029947916666666668 0.01953125