1 0.2821180555555556 0.5087890625 0.03993055555555555 0.0234375
1 0.2769097222222222 0.4306640625 0.019097222222222224 0.01171875
1 0.2482638888888889 0.46728515625 0.020833333333333332 0.0107421875
1 0.4522569444444444 0.42919921875 0.03993055555555555 0.0244140625
2 0.3159722222222222 0.49365234375 0.034722222222222224 0.0205078125
7 0.3802083333333333 0.458984375 0.041666666666666664 0.0234375
3 0.3498263888888889 0.47705078125 0.043402777777777776 0.0244140625
8 0.4609375 0.412109375 0.015625 0.01171875
5 0.2673611111111111 0.43701171875 0.017361111111111112 0.0126953125
6 0.3220486111111111 0.41552734375 0.019097222222222224 0.0126953125
7 0.4175347222222222 0.44384765625 0.03993055555555555 0.0224609375
12 0.3619791666666667 0.47119140625 0.2378472222222222 0.1220703125