3 0.5833333333333334 0.4267578125 0.013888888888888888 0.013671875
11 0.5494791666666666 0.43896484375 0.008680555555555556 0.0068359375
11 0.5425347222222222 0.43896484375 0.005208333333333333 0.0068359375
11 0.5364583333333334 0.4384765625 0.006944444444444444 0.0078125
11 0.5286458333333334 0.439453125 0.008680555555555556 0.0078125
11 0.5199652777777778 0.43896484375 0.008680555555555556 0.0068359375
11 0.5972222222222222 0.43798828125 0.013888888888888888 0.0068359375
11 0.5868055555555556 0.43798828125 0.006944444444444444 0.0068359375
11 0.5598958333333334 0.455078125 0.005208333333333333 0.009765625
6 0.5876736111111112 0.45458984375 0.015625 0.0146484375
4 0.5720486111111112 0.455078125 0.015625 0.015625
2 0.5520833333333334 0.455078125 0.010416666666666666 0.015625
2 0.5373263888888888 0.455078125 0.012152777777777778 0.015625
10 0.5980902777777778 0.42626953125 0.015625 0.0126953125
10 0.5677083333333334 0.42724609375 0.013888888888888888 0.0146484375
6 0.5529513888888888 0.427734375 0.015625 0.013671875
7 0.5364583333333334 0.42724609375 0.017361111111111112 0.0146484375
12 0.5616319444444444 0.44287109375 0.18229166666666666 0.0615234375