12 0.4678819444444444 0.53515625 0.24479166666666666 0.0625
11 0.5069444444444444 0.51708984375 0.013888888888888888 0.0166015625
11 0.3723958333333333 0.51611328125 0.015625 0.0166015625
4 0.4887152777777778 0.55126953125 0.019097222222222224 0.0166015625
5 0.3932291666666667 0.55224609375 0.012152777777777778 0.0107421875
6 0.4696180555555556 0.55078125 0.019097222222222224 0.015625
6 0.4800347222222222 0.533203125 0.015625 0.013671875
6 0.4644097222222222 0.53271484375 0.015625 0.0146484375
3 0.4279513888888889 0.55029296875 0.019097222222222224 0.0166015625
3 0.4322916666666667 0.53271484375 0.017361111111111112 0.0146484375
1 0.3689236111111111 0.5322265625 0.015625 0.013671875
1 0.5677083333333334 0.51708984375 0.017361111111111112 0.0166015625
1 0.5512152777777778 0.51708984375 0.015625 0.0166015625
2 0.4496527777777778 0.55126953125 0.006944444444444444 0.0146484375
2 0.3836805555555556 0.55322265625 0.006944444444444444 0.0107421875
2 0.5373263888888888 0.51708984375 0.012152777777777778 0.0166015625
9 0.4956597222222222 0.533203125 0.015625 0.013671875
9 0.4774305555555556 0.51708984375 0.017361111111111112 0.0166015625
0 0.4592013888888889 0.521484375 0.008680555555555556 0.005859375
8 0.4487847222222222 0.5322265625 0.015625 0.013671875
8 0.4470486111111111 0.5166015625 0.015625 0.015625
11 0.4574652777777778 0.55078125 0.005208333333333333 0.01171875
11 0.4097222222222222 0.552734375 0.010416666666666666 0.01171875
11 0.5182291666666666 0.53076171875 0.012152777777777778 0.0068359375
11 0.5086805555555556 0.5302734375 0.006944444444444444 0.0078125
11 0.5217013888888888 0.51904296875 0.015625 0.0126953125
11 0.4036458333333333 0.51611328125 0.015625 0.0166015625
11 0.3880208333333333 0.51806640625 0.015625 0.0126953125