12 0.5574412532637075 0.73193359375 0.8120104438642297 0.2685546875
11 0.7382506527415144 0.662109375 0.04569190600522193 0.05078125
11 0.7885117493472585 0.66357421875 0.057441253263707574 0.0537109375
11 0.6892950391644909 0.71142578125 0.02349869451697128 0.0283203125
11 0.7212793733681462 0.71435546875 0.037859007832898174 0.0244140625
11 0.5234986945169713 0.8017578125 0.02349869451697128 0.044921875
11 0.34007832898172324 0.79443359375 0.016971279373368148 0.0126953125
11 0.368798955613577 0.81005859375 0.04046997389033943 0.0498046875
11 0.44321148825065276 0.65625 0.050913838120104436 0.05859375
2 0.4406005221932115 0.8017578125 0.024804177545691905 0.060546875
2 0.2800261096605744 0.8095703125 0.022193211488250653 0.044921875
2 0.45430809399477806 0.72314453125 0.02610966057441253 0.0517578125
2 0.402088772845953 0.72314453125 0.02610966057441253 0.0517578125
4 0.23433420365535249 0.7216796875 0.050913838120104436 0.05859375
11 0.3413838120104439 0.65185546875 0.05613577023498695 0.0654296875
4 0.5900783289817232 0.65380859375 0.06005221932114883 0.0673828125
11 0.3922976501305483 0.6611328125 0.050913838120104436 0.05078125
11 0.6847258485639687 0.65478515625 0.05613577023498695 0.0673828125
1 0.6240208877284595 0.802734375 0.057441253263707574 0.06640625
6 0.564621409921671 0.8017578125 0.05613577023498695 0.068359375
10 0.4810704960835509 0.80224609375 0.05613577023498695 0.0654296875
3 0.3113577023498694 0.810546875 0.037859007832898174 0.048828125
10 0.6494778067885117 0.72412109375 0.050913838120104436 0.0576171875
6 0.5966057441253264 0.72412109375 0.05221932114882506 0.0576171875
5 0.5450391644908616 0.72216796875 0.050913838120104436 0.0537109375
7 0.4934725848563969 0.72314453125 0.04960835509138381 0.0576171875