11 0.2907986111111111 0.345703125 0.057291666666666664 0.060546875
0 0.6397569444444444 0.35693359375 0.029513888888888888 0.0302734375
11 0.034722222222222224 0.349609375 0.05555555555555555 0.0625
11 0.09114583333333333 0.349609375 0.057291666666666664 0.060546875
11 0.1440972222222222 0.349609375 0.052083333333333336 0.05859375
11 0.1918402777777778 0.34765625 0.0642361111111111 0.060546875
11 0.3446180555555556 0.34521484375 0.06076388888888889 0.0595703125
11 0.5069444444444444 0.388671875 0.03125 0.029296875
11 0.5399305555555556 0.39013671875 0.03819444444444445 0.0283203125
11 0.3394097222222222 0.4609375 0.026041666666666668 0.04296875
10 0.546875 0.341796875 0.05555555555555555 0.05859375
9 0.4114583333333333 0.39794921875 0.052083333333333336 0.0537109375
7 0.2456597222222222 0.40234375 0.05381944444444445 0.052734375
6 0.4427083333333333 0.458984375 0.0625 0.05859375
3 0.3012152777777778 0.40234375 0.05381944444444445 0.05078125
3 0.234375 0.462890625 0.059027777777777776 0.060546875
3 0.6015625 0.34130859375 0.050347222222222224 0.0595703125
5 0.4661458333333333 0.39794921875 0.05381944444444445 0.0478515625
2 0.2074652777777778 0.4033203125 0.026041666666666668 0.05078125
2 0.3975694444444444 0.46142578125 0.024305555555555556 0.0537109375
1 0.2942708333333333 0.46142578125 0.0642361111111111 0.0595703125
1 0.03298611111111111 0.40625 0.059027777777777776 0.048828125
4 0.3559027777777778 0.4013671875 0.052083333333333336 0.05078125
1 0.7022569444444444 0.3388671875 0.057291666666666664 0.060546875
12 0.390625 0.40771484375 0.78125 0.2138671875