9 0.53125 0.5228125 0.014166666666666666 0.015625
8 0.5733333333333334 0.551875 0.015 0.01625
11 0.515 0.53625 0.01 0.00625
11 0.5066666666666667 0.5346875 0.006666666666666667 0.008125
6 0.56375 0.5240625 0.014166666666666666 0.015625
2 0.48541666666666666 0.54875 0.005833333333333334 0.01625
3 0.49833333333333335 0.5490625 0.016666666666666666 0.016875
1 0.5166666666666667 0.55 0.015 0.0175
1 0.5354166666666667 0.550625 0.015833333333333335 0.0175
5 0.55375 0.55125 0.015833333333333335 0.01625
5 0.5479166666666667 0.5234375 0.014166666666666666 0.014375
0 0.555 0.5309375 0.0033333333333333335 0.004375
12 0.5266666666666666 0.539375 0.12666666666666668 0.05875