12 0.8463346613545817 0.4825294117647059 0.30135458167330675 0.043
2 0.7161354581673307 0.48338235294117643 0.023505976095617533 0.03558823529411764
2 0.8089641434262949 0.48308823529411765 0.019521912350597612 0.03441176470588235
2 0.8382470119521913 0.48367647058823526 0.02151394422310757 0.03441176470588235
8 0.7476095617529881 0.48397058823529415 0.03545816733067729 0.033235294117647064
7 0.7816733067729084 0.48367647058823526 0.030278884462151393 0.03441176470588235
6 0.8727091633466136 0.48220588235294115 0.034661354581673305 0.03441176470588235
3 0.9167330677290837 0.48250000000000004 0.03266932270916335 0.035
0 0.8962151394422311 0.4948529411764706 0.009163346613545816 0.010882352941176471
11 0.9458167330677291 0.4844117647058823 0.023107569721115537 0.03058823529411765
11 0.9760956175298805 0.48647058823529415 0.0350597609561753 0.026470588235294117