12 0.7298804780876493 0.3888235294117647 0.3211155378486056 0.052941176470588235
2 0.5950199203187251 0.39279411764705885 0.0250996015936255 0.037941176470588235
8 0.6280876494023905 0.3941176470588235 0.03227091633466135 0.036470588235294116
7 0.6625498007968128 0.3935294117647059 0.031075697211155377 0.03470588235294118
2 0.6916334661354582 0.39279411764705885 0.02151394422310757 0.03676470588235294
2 0.7197211155378487 0.3923529411764706 0.023505976095617533 0.036470588235294116
6 0.754183266932271 0.3920588235294118 0.03346613545816733 0.036470588235294116
3 0.800199203187251 0.39073529411764707 0.03147410358565737 0.035
0 0.7782868525896414 0.4036764705882353 0.010756972111553785 0.010882352941176471
11 0.8288844621513944 0.3930882352941177 0.022709163346613548 0.033235294117647064
11 0.8615537848605578 0.39617647058823524 0.039442231075697214 0.02882352941176471