12 0.7340316205533597 0.5726176470588236 0.2623715415019763 0.044617647058823526
2 0.625296442687747 0.5735294117647058 0.020553359683794466 0.033529411764705884
2 0.7049407114624505 0.5719117647058823 0.019367588932806327 0.03147058823529412
2 0.7298418972332016 0.5722058823529412 0.020158102766798417 0.030882352941176472
8 0.6523715415019763 0.5726470588235294 0.027272727272727275 0.03235294117647059
7 0.6808300395256917 0.5723529411764706 0.026482213438735178 0.03294117647058823
6 0.7571146245059289 0.5714705882352942 0.029644268774703556 0.03058823529411765
3 0.7954545454545454 0.5711764705882353 0.028063241106719365 0.03117647058823529
0 0.7772727272727273 0.5816176470588236 0.0067193675889328066 0.007941176470588236
11 0.8193675889328064 0.5726470588235294 0.018972332015810275 0.02882352941176471
11 0.8458498023715415 0.5758823529411765 0.030039525691699605 0.02411764705882353