12 0.7474509803921568 0.5356176470588235 0.3152156862745098 0.052
2 0.6102745098039216 0.5359705882352941 0.023607843137254902 0.036176470588235296
2 0.7050196078431372 0.5365294117647058 0.02215686274509804 0.03652941176470588
2 0.7350588235294118 0.5372647058823529 0.02215686274509804 0.03652941176470588
8 0.6434901960784314 0.5361470588235294 0.03298039215686274 0.03505882352941177
7 0.6774509803921569 0.5368823529411765 0.03003921568627451 0.035794117647058823
6 0.7687450980392156 0.5374411764705882 0.03345098039215686 0.03470588235294118
3 0.8147843137254902 0.5376176470588235 0.03298039215686274 0.034323529411764704
0 0.7921176470588236 0.5501764705882353 0.009333333333333332 0.009970588235294118
11 0.8440392156862745 0.5409411764705881 0.023607843137254902 0.032852941176470585
11 0.8770196078431372 0.544264705882353 0.038392156862745094 0.026205882352941176