12 0.8085258964143426 0.6175588235294117 0.292988047808765 0.052
2 0.682988047808765 0.6193823529411765 0.02446215139442231 0.03314705882352941
2 0.7716733067729084 0.6193823529411765 0.023107569721115537 0.03444117647058824
2 0.799203187250996 0.617735294117647 0.022231075697211156 0.03444117647058824
8 0.7123107569721115 0.6203529411764706 0.02888446215139442 0.03314705882352941
7 0.7436653386454183 0.6188823529411764 0.02756972111553785 0.03479411764705882
6 0.8296812749003984 0.6179117647058824 0.03067729083665339 0.03347058823529412
3 0.8734262948207171 0.6174117647058823 0.029322709163346616 0.0325
0 0.852191235059761 0.6297058823529411 0.009561752988047808 0.007647058823529412
11 0.900597609561753 0.6185294117647059 0.02111553784860558 0.03
11 0.9294820717131475 0.6219117647058823 0.03346613545816733 0.024411764705882355