12 0.7251984126984127 0.6347647058823529 0.3186111111111111 0.0505
2 0.5877777777777778 0.6368235294117648 0.02718253968253968 0.03685294117647059
2 0.6853571428571429 0.6344117647058823 0.021626984126984126 0.036176470588235296
2 0.715079365079365 0.6339117647058824 0.02488095238095238 0.03379411764705882
8 0.6202380952380953 0.6357941176470587 0.03222222222222222 0.035500000000000004
7 0.6554365079365079 0.6356176470588236 0.03452380952380952 0.035147058823529406
6 0.7503174603174604 0.6337352941176471 0.03543650793650793 0.03411764705882353
3 0.7972619047619047 0.6332352941176471 0.0326984126984127 0.03379411764705882
0 0.7753968253968254 0.6462058823529412 0.010119047619047618 0.011941176470588235
11 0.8274206349206349 0.6349411764705882 0.02392857142857143 0.031735294117647056
11 0.8603571428571428 0.6375 0.0373015873015873 0.025941176470588235