12 0.46384166666666665 0.7768 0.2303333333333333 0.10424444444444443
1 0.3734 0.7508555555555555 0.028208333333333335 0.047911111111111106
10 0.409475 0.7514444444444444 0.028508333333333333 0.048299999999999996
2 0.45416666666666666 0.7520333333333333 0.010983333333333333 0.0487
4 0.4808833333333333 0.7512444444444445 0.029400000000000003 0.0487
1 0.5171166666666667 0.7512444444444445 0.028800000000000003 0.04711111111111111
9 0.55215 0.7504555555555555 0.028800000000000003 0.04632222222222222
11 0.36567500000000003 0.7920222222222223 0.012766666666666667 0.023355555555555556
11 0.3787416666666667 0.7910333333333333 0.011583333333333334 0.02296666666666667
11 0.39195833333333335 0.7916333333333334 0.01425 0.024155555555555555
11 0.40160833333333334 0.7918222222222222 0.005641666666666666 0.024544444444444445
11 0.4111083333333333 0.7918222222222222 0.010391666666666667 0.022166666666666664
11 0.42268333333333336 0.7908333333333334 0.009208333333333334 0.023355555555555556