12 0.51 0.5459259259259259 0.355 0.362962962962963
8 0.5083333333333333 0.4488888888888889 0.03333333333333333 0.09777777777777778
8 0.5975 0.6303703703703704 0.03833333333333333 0.10814814814814815
8 0.65375 0.6303703703703704 0.0375 0.10814814814814815
10 0.5525 0.4488888888888889 0.04 0.09481481481481481
10 0.5383333333333333 0.6296296296296297 0.043333333333333335 0.10962962962962963
3 0.37166666666666665 0.6340740740740741 0.04666666666666667 0.10962962962962963
4 0.43041666666666667 0.6318518518518519 0.04083333333333333 0.10814814814814815
6 0.4841666666666667 0.6318518518518519 0.04666666666666667 0.10814814814814815
2 0.6133333333333333 0.44592592592592595 0.018333333333333333 0.09777777777777778
2 0.6629166666666667 0.44666666666666666 0.015833333333333335 0.09333333333333334
0 0.6266666666666667 0.482962962962963 0.011666666666666667 0.02074074074074074