11 0.5407310344827586 0.6205590062111802 0.037944827586206896 0.03587991718426501
11 0.6540896551724138 0.6209834368530021 0.021441379310344826 0.026480331262939957
11 0.5401862068965517 0.6782401656314699 0.020586206896551724 0.02925465838509317
11 0.6169103448275862 0.6826811594202898 0.006234482758620689 0.015683229813664597
11 0.6254137931034482 0.683623188405797 0.009827586206896551 0.012877846790890268
11 0.4658 0.6815113871635611 0.004675862068965518 0.01989648033126294
11 0.5133655172413794 0.6980124223602484 0.006862068965517241 0.014979296066252588
11 0.5224137931034483 0.6996583850931677 0.009041379310344827 0.012639751552795031
11 0.48397241379310346 0.7300828157349897 0.012944827586206896 0.017318840579710146
11 0.43040689655172415 0.7262215320910973 0.011848275862068965 0.01989648033126294
11 0.5707517241379311 0.6103519668737061 0.006551724137931035 0.01661490683229814
11 0.5784689655172414 0.6105900621118013 0.006082758620689656 0.016149068322981366
11 0.5867379310344828 0.6105900621118013 0.008262068965517242 0.016149068322981366
11 0.596096551724138 0.611055900621118 0.006703448275862069 0.015683229813664597
11 0.6031862068965518 0.6104761904761905 0.006551724137931035 0.015445134575569359
2 0.44786896551724137 0.6790579710144928 0.006234482758620689 0.023871635610766044
2 0.4579310344827586 0.678944099378882 0.006082758620689656 0.023643892339544514
6 0.47383448275862067 0.6790579710144928 0.008889655172413793 0.023871635610766044
1 0.4845172413793103 0.6795238095238095 0.010917241379310345 0.023871635610766044
1 0.4703241379310345 0.7262215320910973 0.010606896551724138 0.023643892339544514
12 0.5435862068965518 0.670207039337474 0.25214482758620693 0.15263975155279502
1 0.6221862068965517 0.7261076604554865 0.010027586206896552 0.02351966873706004
1 0.6331931034482758 0.7261076604554865 0.010137931034482758 0.023178053830227745
1 0.6442 0.7261076604554865 0.00956551724137931 0.023178053830227745
1 0.6586620689655172 0.7258488612836439 0.010372413793103448 0.022660455486542445
8 0.5941310344827586 0.6781987577639751 0.01083448275862069 0.024565217391304347
8 0.5389931034482759 0.7260248447204969 0.010027586206896552 0.023695652173913045
8 0.5501724137931034 0.7260248447204969 0.010027586206896552 0.024037267080745342
4 0.44429655172413796 0.726304347826087 0.010544827586206895 0.02458592132505176
4 0.4554827586206897 0.7266666666666667 0.00956551724137931 0.02434782608695652
0 0.4626206896551724 0.7353105590062111 0.003082758620689655 0.005600414078674948
0 0.6514 0.734824016563147 0.003082758620689655 0.005600414078674948
3 0.5609862068965517 0.7266666666666667 0.00973103448275862 0.02434782608695652
3 0.6054206896551724 0.6790786749482401 0.00973103448275862 0.02458592132505176
7 0.5178413793103448 0.7255693581780538 0.010055172413793103 0.026045548654244306
9 0.5287931034482759 0.726055900621118 0.009889655172413792 0.02458592132505176