12 0.5893436293436293 0.7288144329896906 0.7518146718146718 0.35221649484536083
11 0.2625482625482625 0.656701030927835 0.03606177606177606 0.0672680412371134
11 0.3027413127413127 0.6544329896907216 0.03571428571428571 0.06860824742268042
11 0.3426254826254826 0.6554123711340206 0.03328185328185328 0.06664948453608248
11 0.3852123552123552 0.6557731958762887 0.03621621621621622 0.06989690721649484
11 0.4243629343629344 0.6538144329896908 0.03424710424710425 0.06860824742268042
11 0.4676833976833977 0.6538144329896908 0.03474903474903475 0.06597938144329897
11 0.5088030888030888 0.6538144329896908 0.03868725868725868 0.07123711340206186
11 0.5486872586872588 0.6531443298969072 0.03525096525096525 0.06860824742268042
11 0.5469884169884169 0.728298969072165 0.03474903474903475 0.0738659793814433
11 0.5886100386100386 0.7286082474226804 0.02498069498069498 0.07190721649484536
11 0.35926640926640924 0.8410309278350515 0.0705019305019305 0.09541237113402062
11 0.44223938223938225 0.841701030927835 0.03768339768339768 0.07319587628865978
11 0.5274131274131274 0.8396907216494846 0.03768339768339768 0.07448453608247423
11 0.6086486486486486 0.8367525773195877 0.03474903474903475 0.06731958762886599
11 0.8553667953667954 0.6443298969072165 0.033783783783783786 0.06664948453608248
11 0.8915830115830116 0.642680412371134 0.033783783783783786 0.06597938144329897
11 0.8915830115830116 0.6988659793814433 0.01810810810810811 0.03335051546391753
11 0.9280308880308881 0.7185051546391752 0.03525096525096525 0.06989690721649484
4 0.68992277992278 0.8325257731958763 0.03474903474903475 0.06793814432989691
4 0.34312741312741313 0.7302577319587629 0.03525096525096525 0.07123711340206186
3 0.7684942084942085 0.8298969072164949 0.032316602316602314 0.06793814432989691
2 0.8401930501930502 0.825360824742268 0.020077220077220077 0.06927835051546391
5 0.8181467181467181 0.7197938144329896 0.03571428571428571 0.06731958762886599
5 0.42463320463320464 0.7309278350515465 0.03571428571428571 0.07123711340206186
8 0.8572972972972973 0.7188144329896906 0.03474903474903475 0.06664948453608248
8 0.30324324324324325 0.7305670103092783 0.03768339768339768 0.07190721649484536
9 0.3847104247104247 0.7315463917525773 0.03525096525096525 0.06989690721649484
1 0.4681853281853282 0.7299484536082474 0.03474903474903475 0.06927835051546391