12 0.4844 0.5944920634920634 0.32008333333333333 0.3311428571428571
11 0.34108333333333335 0.6111587301587301 0.017891666666666667 0.05038095238095238
11 0.3636416666666667 0.6096825396825397 0.024891666666666666 0.044444444444444446
5 0.5052083333333334 0.5307777777777778 0.04278333333333333 0.1163015873015873
6 0.5462333333333333 0.5248571428571429 0.037725 0.11482539682539683
7 0.5942666666666667 0.5093015873015874 0.03811666666666667 0.10741269841269842
0 0.571325 0.5578253968253969 0.010108333333333334 0.023698412698412698
4 0.41439166666666666 0.6926507936507936 0.029949999999999997 0.08888888888888889
4 0.45153333333333334 0.680047619047619 0.03111666666666667 0.08593650793650794
3 0.48945833333333333 0.670047619047619 0.030725 0.08815873015873016
10 0.5271833333333333 0.6585714285714286 0.033058333333333335 0.08444444444444445
1 0.566075 0.6485714285714286 0.03228333333333334 0.08371428571428571
1 0.6032166666666666 0.6381904761904762 0.03111666666666667 0.08371428571428571