12 0.30735 0.647625 0.41564999999999996 0.31832499999999997
11 0.12261666666666665 0.739975 0.021966666666666666 0.053399999999999996
11 0.15316666666666667 0.7452500000000001 0.03648333333333333 0.041525
3 0.16546666666666668 0.5774750000000001 0.051416666666666666 0.10942500000000001
3 0.3353333333333333 0.7145999999999999 0.0501 0.101525
8 0.2283166666666667 0.578475 0.04526666666666667 0.1035
8 0.4671666666666667 0.5821000000000001 0.04395 0.101525
1 0.2856666666666667 0.57945 0.05098333333333333 0.10679999999999999
10 0.34521666666666667 0.58045 0.04878333333333333 0.108775
10 0.40498333333333336 0.5821000000000001 0.049666666666666665 0.105475
5 0.2782 0.71525 0.048350000000000004 0.09359999999999999
9 0.39531666666666665 0.7136 0.049666666666666665 0.10217499999999999
7 0.46145 0.714925 0.04658333333333333 0.10085000000000001
0 0.4263 0.7561249999999999 0.009666666666666667 0.019775