12 0.399890625 0.6928571428571428 0.2674375 0.09447619047619048
9 0.30253125000000003 0.7099682539682539 0.019484375 0.047492063492063495
9 0.47350000000000003 0.6977777777777778 0.025765624999999997 0.058444444444444445
1 0.323953125 0.7081269841269842 0.020374999999999997 0.046285714285714284
10 0.34359375000000003 0.7084444444444444 0.017078125 0.044444444444444446
6 0.362921875 0.7078412698412698 0.017374999999999998 0.04565079365079365
3 0.38284375000000004 0.7105714285714286 0.020078125 0.0486984126984127
3 0.49928125 0.6999047619047619 0.023375 0.056634920634920635
11 0.279 0.6697777777777777 0.011390625 0.02558730158730159
11 0.29025 0.6706984126984127 0.009296875 0.024952380952380955
11 0.3019375 0.6713015873015873 0.0116875 0.023746031746031748
11 0.420453125 0.6983809523809524 0.052140624999999996 0.05114285714285714