12 0.6372307692307693 0.7160416666666667 0.18381538461538463 0.16878205128205126
11 0.7007538461538462 0.6952724358974359 0.04326923076923077 0.09397435897435898
11 0.5796923076923077 0.7090064102564103 0.011661538461538461 0.02173076923076923
2 0.581223076923077 0.6684134615384615 0.007361538461538462 0.04666666666666667
2 0.599023076923077 0.721474358974359 0.006753846153846154 0.04666666666666667
3 0.5944230769230769 0.6674519230769231 0.01656923076923077 0.04858974358974359
3 0.6122153846153846 0.7211538461538461 0.015953846153846152 0.04602564102564102
3 0.6478153846153846 0.7208333333333333 0.015346153846153846 0.051778846153846154
6 0.6123692307692308 0.6677724358974358 0.015038461538461539 0.04666666666666667
9 0.6303230769230769 0.6677724358974358 0.01656923076923077 0.04923076923076923
9 0.6298615384615385 0.7211538461538461 0.016261538461538463 0.051153846153846154
5 0.6488923076923077 0.6693749999999999 0.015653846153846154 0.044759615384615384
7 0.6668461538461539 0.6690544871794872 0.015953846153846152 0.050512820512820515
10 0.6666923076923077 0.7221153846153846 0.015653846153846154 0.04923076923076923
0 0.6568692307692308 0.7409775641025641 0.003376923076923077 0.010224358974358975