12 0.62846 0.6139818181818182 0.36307999999999996 0.2825090909090909
2 0.5764 0.6698909090909091 0.02754 0.07050909090909091
1 0.61041 0.6642727272727273 0.02923 0.0654
1 0.64048 0.6586363636363637 0.02754 0.058254545454545455
1 0.66914 0.6514909090909091 0.02867 0.06438181818181818
1 0.69809 0.6428 0.02698 0.057236363636363634
1 0.7276 0.6376909090909091 0.02867 0.059272727272727276
2 0.72001 0.5324363636363636 0.01686 0.06130909090909091
10 0.6559299999999999 0.5482727272727272 0.02923 0.06029090909090908
10 0.68572 0.5411272727272728 0.0281 0.06029090909090908
0 0.70484 0.5569636363636363 0.00674 0.016345454545454545
11 0.75458 0.5339636363636364 0.01742 0.04394545454545455
11 0.77481 0.5324363636363636 0.01967 0.03678181818181818
11 0.76189 0.6407636363636364 0.01742 0.04701818181818182
11 0.78184 0.6361636363636364 0.02136 0.039854545454545455
11 0.48956 0.6903272727272728 0.01911 0.039854545454545455
11 0.50895 0.6877636363636364 0.01742 0.038836363636363634
11 0.52891 0.6816363636363636 0.01911 0.03678181818181818
11 0.47831999999999997 0.5814909090909091 0.01799 0.040872727272727276
11 0.49799 0.5809818181818183 0.02023 0.03781818181818182
11 0.5098 0.5774 0.00674 0.040872727272727276
11 0.5232899999999999 0.5753636363636363 0.01574 0.038836363636363634
11 0.5449299999999999 0.5697272727272727 0.0208 0.03781818181818182