12 0.5168709677419354 0.6976687116564417 0.4876129032258064 0.5050920245398773
2 0.3960967741935484 0.5642944785276074 0.026999999999999996 0.1469325153374233
5 0.4452258064516129 0.5820858895705521 0.0547741935483871 0.1598159509202454
5 0.5108709677419355 0.5963803680981594 0.058516129032258064 0.15122699386503066
5 0.6406451612903226 0.8011042944785277 0.05399999999999999 0.1498159509202454
4 0.577258064516129 0.6070552147239264 0.059258064516129035 0.16404907975460123
10 0.6455483870967742 0.6177914110429448 0.0607741935483871 0.16263803680981595
6 0.7164193548387097 0.632760736196319 0.060000000000000005 0.16693251533742332
3 0.512 0.7611656441717791 0.057774193548387094 0.1498159509202454
6 0.5746451612903225 0.781840490797546 0.05399999999999999 0.15122699386503066
9 0.7141935483870968 0.815398773006135 0.060000000000000005 0.16122699386503067
0 0.6732903225806451 0.8646012269938651 0.012741935483870969 0.028527607361963192
11 0.31132258064516133 0.7497546012269938 0.016516129032258065 0.06993865030674846
11 0.3364516129032258 0.7676073619631902 0.026258064516129033 0.054233128834355826