12 0.47775 0.623835800807537 0.21259375 0.09402422611036339
11 0.397375 0.6325437415881562 0.0156875 0.01557200538358008
2 0.405453125 0.6027321668909825 0.018546874999999997 0.03339165545087483
2 0.5358906250000001 0.6069313593539704 0.018312500000000002 0.03399730820995962
5 0.43364062499999995 0.6039703903095559 0.026875 0.032153432032301484
5 0.46359374999999997 0.6443203230148049 0.027828125 0.03421265141318977
3 0.463953125 0.6040646029609691 0.029484375 0.035235531628532976
10 0.497484375 0.604993270524899 0.0304375 0.03584118438761776
9 0.5619375 0.6065275908479139 0.029015625 0.034818304172274564
9 0.494640625 0.6437012113055182 0.029484375 0.03339165545087483
9 0.5601406250000001 0.645343203230148 0.029249999999999998 0.03379542395693136
1 0.52590625 0.6445222072678332 0.026875 0.03339165545087483
0 0.54040625 0.6584522207267833 0.00546875 0.005114401076716016