12 0.23720588235294116 0.7595219885277247 0.32544117647058823 0.16435946462715104
11 0.3499346405228758 0.7365391969407266 0.07812091503267975 0.09093690248565967
11 0.13583333333333333 0.7533652007648184 0.0209640522875817 0.02124282982791587
2 0.13841503267973856 0.7126577437858509 0.010588235294117648 0.04298279158699809
2 0.17008169934640524 0.765755258126195 0.009509803921568628 0.0439961759082218
3 0.16186274509803922 0.7110133843212237 0.027663398692810457 0.04881453154875717
3 0.1927777777777778 0.7647418738049713 0.028529411764705883 0.048546845124282985
3 0.2569607843137255 0.7653728489483748 0.026372549019607845 0.049311663479923516
6 0.1938562091503268 0.7111281070745699 0.02895424836601307 0.048049713193116635
9 0.22498366013071894 0.7107648183556405 0.02723856209150327 0.04881453154875717
9 0.22552287581699348 0.7644933078393881 0.02700980392156863 0.048049713193116635
5 0.25815359477124183 0.7123900573613766 0.02700980392156863 0.04500956022944551
7 0.2900326797385621 0.7117590822179732 0.027663398692810457 0.04829827915869981
10 0.29057189542483663 0.7646271510516252 0.027875816993464052 0.04829827915869981
0 0.2730392156862745 0.7841682600382409 0.005915032679738562 0.009292543021032506