2 0.166667 0.791045 0.028986 0.208955
1 0.101449 0.492537 0.072464 0.238806
3 0.206522 0.791045 0.050725 0.208955
7 0.423913 0.477612 0.079710 0.238806
2 0.500000 0.470149 0.043478 0.194030
8 0.557971 0.462687 0.072464 0.208955
5 0.615942 0.462687 0.072464 0.208955
3 0.340580 0.746269 0.072464 0.268657
1 0.409420 0.746269 0.079710 0.268657
6 0.510870 0.731343 0.079710 0.268657
4 0.594203 0.731343 0.086957 0.268657
11 0.344203 0.231343 0.079710 0.253731
11 0.282609 0.268657 0.057971 0.208955
11 0.224638 0.246269 0.072464 0.253731
11 0.648551 0.216418 0.079710 0.253731
11 0.757246 0.238806 0.123188 0.208955
11 0.702899 0.425373 0.086957 0.104478
11 0.275362 0.791045 0.057971 0.208955
2 0.471014 0.231343 0.057971 0.253731
10 0.539855 0.216418 0.079710 0.253731
3 0.355072 0.485075 0.072464 0.223881