11 0.691375 0.441358 0.051213 0.104938
11 0.648248 0.435185 0.029650 0.141975
11 0.446092 0.780864 0.029650 0.203704
0 0.819407 0.290123 0.037736 0.123457
2 0.288410 0.500000 0.026954 0.222222
2 0.343666 0.783951 0.029650 0.259259
11 0.397574 0.222222 0.067385 0.259259
11 0.462264 0.219136 0.061995 0.253086
11 0.522911 0.219136 0.053908 0.253086
6 0.570081 0.783951 0.067385 0.271605
5 0.897574 0.228395 0.080863 0.271605
4 0.497305 0.771605 0.061995 0.271605
11 0.334232 0.219136 0.059299 0.253086
11 0.272237 0.225309 0.053908 0.265432
11 0.214286 0.219136 0.061995 0.265432
11 0.152291 0.222222 0.061995 0.271605
11 0.087601 0.225309 0.067385 0.265432
4 0.769542 0.216049 0.061995 0.283951
10 0.707547 0.216049 0.061995 0.259259
9 0.602426 0.481481 0.061995 0.222222
9 0.471698 0.487654 0.064690 0.222222
4 0.405660 0.487654 0.056604 0.222222
1 0.394879 0.780864 0.067385 0.253086
7 0.335580 0.490741 0.061995 0.228395
3 0.536388 0.478395 0.064690 0.216049