3 0.600962 0.461957 0.062500 0.206522
4 0.394231 0.755435 0.067308 0.228261
10 0.405048 0.467391 0.060096 0.206522
11 0.650240 0.201087 0.064904 0.239130
3 0.536058 0.464674 0.062500 0.201087
3 0.567308 0.752717 0.072115 0.233696
4 0.492788 0.758152 0.067308 0.233696
6 0.338942 0.470109 0.062500 0.211957
3 0.468750 0.464674 0.062500 0.211957
1 0.084135 0.470109 0.057692 0.201087
2 0.294471 0.470109 0.026442 0.190217
11 0.343750 0.241848 0.062500 0.179348
11 0.218750 0.211957 0.062500 0.239130
11 0.280048 0.209239 0.055288 0.233696
2 0.527644 0.203804 0.040865 0.233696
3 0.463942 0.203804 0.062500 0.233696
11 0.651442 0.413043 0.028846 0.108696
11 0.691106 0.423913 0.050481 0.086957
11 0.775240 0.228261 0.064904 0.173913
11 0.711538 0.230978 0.062500 0.179348
3 0.319712 0.760870 0.072115 0.239130