10 0.397971 0.763415 0.072153 0.239024
11 0.106539 0.208537 0.075536 0.226829
11 0.655017 0.251220 0.063134 0.229268
11 0.832018 0.264634 0.049605 0.226829
11 0.897407 0.298780 0.060879 0.173171
11 0.228861 0.245122 0.060879 0.168293
11 0.254791 0.790244 0.051860 0.175610
11 0.656708 0.453659 0.030440 0.102439
11 0.694476 0.464634 0.049605 0.085366
3 0.282413 0.475610 0.062007 0.204878
3 0.606539 0.498780 0.063134 0.202439
4 0.346110 0.476829 0.060879 0.197561
1 0.411499 0.482927 0.060879 0.204878
1 0.773393 0.262195 0.063134 0.231707
0 0.698985 0.325610 0.031567 0.080488
0 0.275085 0.292683 0.031567 0.082927
10 0.543405 0.493902 0.058625 0.207317
6 0.475761 0.484146 0.060879 0.202439
6 0.498873 0.771951 0.068771 0.231707
4 0.573281 0.778049 0.068771 0.239024
11 0.448140 0.769512 0.028185 0.158537
5 0.185457 0.779268 0.050733 0.168293