3 0.474453 0.472656 0.058394 0.195312
11 0.689781 0.453125 0.043796 0.078125
11 0.770073 0.269531 0.058394 0.164062
2 0.301095 0.464844 0.025547 0.179688
11 0.651460 0.234375 0.062044 0.218750
11 0.348540 0.226562 0.054745 0.187500
11 0.231752 0.210938 0.062044 0.234375
4 0.604015 0.480469 0.054745 0.195312
4 0.100365 0.445312 0.054745 0.187500
6 0.538321 0.480469 0.054745 0.195312
3 0.567518 0.757812 0.069343 0.234375
11 0.653285 0.433594 0.029197 0.101562
7 0.529197 0.226562 0.058394 0.218750
9 0.410584 0.464844 0.062044 0.195312
9 0.346715 0.464844 0.058394 0.195312
1 0.395985 0.746094 0.069343 0.226562
3 0.470803 0.226562 0.058394 0.218750
3 0.492701 0.753906 0.065693 0.226562
2 0.348540 0.746094 0.025547 0.210938
11 0.711679 0.269531 0.058394 0.164062
11 0.288321 0.238281 0.058394 0.164062