11 0.434211 0.425373 0.043860 0.104478
10 0.631579 0.253731 0.087719 0.208955
11 0.653509 0.440299 0.043860 0.104478
11 0.706140 0.447761 0.061404 0.089552
11 0.258772 0.425373 0.043860 0.104478
11 0.307018 0.425373 0.052632 0.104478
11 0.350877 0.425373 0.035088 0.104478
11 0.390351 0.425373 0.043860 0.104478
11 0.486842 0.708955 0.043860 0.164179
7 0.372807 0.238806 0.078947 0.208955
6 0.460526 0.238806 0.078947 0.208955
1 0.543860 0.238806 0.070175 0.208955
1 0.416667 0.716418 0.096491 0.238806
1 0.635965 0.716418 0.096491 0.238806
2 0.359649 0.716418 0.035088 0.238806
9 0.714912 0.246269 0.078947 0.194030
5 0.543860 0.716418 0.087719 0.208955