0 0.277666 0.284188 0.036217 0.098291
11 0.692153 0.463675 0.048290 0.098291
11 0.651911 0.450855 0.032193 0.115385
2 0.346076 0.739316 0.036217 0.213675
2 0.620724 0.497863 0.030181 0.192308
2 0.495976 0.480769 0.030181 0.192308
2 0.367203 0.467949 0.034205 0.192308
2 0.302817 0.461538 0.034205 0.196581
1 0.712274 0.254274 0.072435 0.252137
1 0.590543 0.241453 0.070423 0.243590
0 0.635815 0.316239 0.032193 0.102564
11 0.445674 0.750000 0.026157 0.158120
3 0.494970 0.750000 0.072435 0.243590
9 0.569416 0.758547 0.076459 0.243590
10 0.544266 0.485043 0.062374 0.209402
8 0.418511 0.467949 0.064386 0.209402
11 0.111670 0.194444 0.074447 0.243590
11 0.230382 0.232906 0.066398 0.192308
11 0.825956 0.275641 0.062374 0.252137
11 0.893360 0.303419 0.068410 0.188034
2 0.416499 0.752137 0.032193 0.222222