11 0.820690 0.235714 0.055172 0.242857
3 0.282759 0.478571 0.068966 0.214286
0 0.693103 0.314286 0.034483 0.085714
1 0.603448 0.478571 0.062069 0.185714
1 0.762069 0.242857 0.062069 0.228571
1 0.644828 0.242857 0.062069 0.228571
11 0.265517 0.778571 0.048276 0.185714
11 0.879310 0.264286 0.062069 0.185714
11 0.689655 0.435714 0.041379 0.100000
11 0.651724 0.428571 0.034483 0.114286
11 0.227586 0.264286 0.068966 0.185714
11 0.113793 0.250000 0.075862 0.242857
0 0.279310 0.307143 0.034483 0.100000
10 0.575862 0.742857 0.075862 0.257143
10 0.400000 0.742857 0.082759 0.228571
5 0.189655 0.771429 0.062069 0.171429
5 0.417241 0.471429 0.062069 0.200000
4 0.348276 0.478571 0.062069 0.214286
2 0.517241 0.735714 0.041379 0.242857
2 0.493103 0.471429 0.034483 0.200000
3 0.541379 0.471429 0.062069 0.200000