2 0.286738 0.244253 0.028674 0.155172
11 0.249104 0.413793 0.046595 0.091954
11 0.297491 0.413793 0.050179 0.091954
11 0.340502 0.408046 0.043011 0.091954
11 0.381720 0.408046 0.046595 0.091954
11 0.421147 0.402299 0.039427 0.091954
11 0.627240 0.387931 0.035842 0.086207
8 0.596774 0.209770 0.060932 0.166667
9 0.347670 0.235632 0.071685 0.172414
1 0.539427 0.660920 0.082437 0.206897
1 0.100358 0.695402 0.078853 0.195402
3 0.331541 0.675287 0.082437 0.212644
8 0.629032 0.649425 0.075269 0.195402
4 0.419355 0.669540 0.078853 0.212644
3 0.673835 0.212644 0.064516 0.172414
11 0.673835 0.396552 0.057348 0.068966
11 0.478495 0.660920 0.032258 0.137931
10 0.510753 0.224138 0.075269 0.172414
5 0.430108 0.232759 0.071685 0.155172