7 0.364035 0.223881 0.078947 0.208955
11 0.307018 0.417910 0.052632 0.119403
11 0.258772 0.417910 0.043860 0.119403
4 0.543860 0.223881 0.070175 0.179104
4 0.100877 0.716418 0.078947 0.208955
2 0.364035 0.708955 0.043860 0.223881
6 0.451754 0.223881 0.078947 0.208955
9 0.714912 0.216418 0.078947 0.194030
9 0.649123 0.701493 0.087719 0.238806
1 0.631579 0.216418 0.087719 0.194030
1 0.429825 0.708955 0.105263 0.223881
3 0.552632 0.701493 0.087719 0.238806
11 0.451754 0.417910 0.061404 0.119403
11 0.710526 0.425373 0.070175 0.104478
11 0.355263 0.417910 0.043860 0.119403
11 0.399123 0.425373 0.043860 0.134328
11 0.657895 0.410448 0.035088 0.134328