11 0.679039 0.394231 0.048035 0.096154
11 0.325328 0.245192 0.065502 0.182692
11 0.264192 0.254808 0.056769 0.182692
11 0.200873 0.230769 0.061135 0.250000
10 0.395197 0.466346 0.065502 0.221154
9 0.462882 0.456731 0.061135 0.221154
9 0.334061 0.471154 0.065502 0.211538
9 0.569869 0.730769 0.074236 0.250000
3 0.445415 0.206731 0.069869 0.240385
11 0.637555 0.384615 0.034934 0.096154
4 0.493450 0.740385 0.069869 0.250000
3 0.395197 0.750000 0.074236 0.250000
3 0.320961 0.759615 0.074236 0.250000
2 0.609170 0.442308 0.030568 0.192308
2 0.288210 0.480769 0.026201 0.192308
1 0.078603 0.500000 0.061135 0.211538
11 0.751092 0.201923 0.061135 0.173077
11 0.689956 0.206731 0.061135 0.182692
11 0.628821 0.187500 0.069869 0.240385
8 0.506550 0.192308 0.061135 0.230769
7 0.528384 0.451923 0.069869 0.211538