11 0.690678 0.408805 0.042373 0.100629
7 0.586158 0.751572 0.070621 0.270440
7 0.525424 0.201258 0.056497 0.238994
8 0.611582 0.459119 0.048023 0.226415
10 0.348870 0.484277 0.059322 0.213836
11 0.463277 0.764151 0.028249 0.194969
11 0.766949 0.201258 0.053672 0.188679
11 0.701977 0.216981 0.064972 0.182390
11 0.652542 0.402516 0.039548 0.113208
11 0.218927 0.245283 0.064972 0.238994
3 0.411017 0.487421 0.064972 0.220126
2 0.360169 0.786164 0.036723 0.264151
2 0.498588 0.487421 0.036723 0.232704
2 0.557910 0.465409 0.036723 0.213836
2 0.300847 0.490566 0.031073 0.213836
11 0.276836 0.248428 0.056497 0.232704
1 0.096045 0.512579 0.062147 0.207547
9 0.412429 0.764151 0.067797 0.245283
4 0.512712 0.751572 0.070621 0.270440
11 0.341808 0.264151 0.056497 0.176101
11 0.641243 0.194969 0.067797 0.238994
3 0.461864 0.213836 0.070621 0.238994