1 0.541475 0.747340 0.062980 0.345745
9 0.475422 0.747340 0.062980 0.335106
8 0.411674 0.734043 0.061444 0.329787
3 0.606759 0.747340 0.064516 0.345745
3 0.529954 0.345745 0.070661 0.382979
2 0.466206 0.335106 0.047619 0.382979
2 0.360983 0.734043 0.027650 0.340426
2 0.295699 0.731383 0.029186 0.345745
11 0.698925 0.694149 0.052227 0.143617
11 0.655914 0.678191 0.030722 0.186170
11 0.777266 0.401596 0.064516 0.292553
11 0.714286 0.393617 0.058372 0.276596
11 0.653610 0.351064 0.062980 0.372340
11 0.344854 0.380319 0.059908 0.313830
11 0.282642 0.332447 0.061444 0.377660
11 0.218894 0.329787 0.066052 0.393617