11 0.698514 0.242788 0.055202 0.168269
11 0.756900 0.242788 0.057325 0.168269
6 0.330149 0.485577 0.053079 0.192308
2 0.285563 0.487981 0.019108 0.177885
3 0.554140 0.762019 0.063694 0.225962
5 0.481953 0.769231 0.063694 0.201923
10 0.382166 0.766827 0.063694 0.225962
4 0.591295 0.475962 0.053079 0.201923
8 0.527601 0.468750 0.048832 0.187500
1 0.513800 0.221154 0.055202 0.221154
10 0.394904 0.480769 0.055202 0.192308
1 0.458599 0.475962 0.059448 0.192308
3 0.451168 0.221154 0.057325 0.221154
11 0.331210 0.257212 0.055202 0.158654
11 0.269639 0.259615 0.055202 0.163462
11 0.211253 0.230769 0.057325 0.221154
11 0.432059 0.764423 0.023355 0.153846
11 0.640127 0.425481 0.027601 0.091346
11 0.676221 0.437500 0.044586 0.076923
11 0.635881 0.213942 0.057325 0.235577