4 0.140187 0.671875 0.074766 0.203125
2 0.387850 0.683594 0.037383 0.195312
1 0.446262 0.683594 0.079439 0.226562
6 0.476636 0.261719 0.074766 0.195312
6 0.560748 0.683594 0.084112 0.226562
5 0.556075 0.265625 0.074766 0.156250
4 0.640187 0.261719 0.065421 0.195312
4 0.397196 0.257812 0.065421 0.187500
7 0.719626 0.265625 0.074766 0.187500
10 0.644860 0.691406 0.084112 0.210938
11 0.661215 0.441406 0.032710 0.117188
11 0.455607 0.429688 0.032710 0.093750
11 0.712617 0.449219 0.060748 0.085938
3 0.313084 0.253906 0.074766 0.179688
11 0.383178 0.425781 0.037383 0.085938
11 0.420561 0.429688 0.037383 0.093750
11 0.296729 0.417969 0.042056 0.101562
11 0.343458 0.425781 0.042056 0.101562
11 0.502336 0.687500 0.032710 0.156250