3 0.619048 0.238095 0.076190 0.222222
11 0.433333 0.436508 0.047619 0.111111
11 0.395238 0.436508 0.028571 0.111111
11 0.361905 0.428571 0.038095 0.126984
11 0.319048 0.444444 0.047619 0.126984
11 0.271429 0.436508 0.047619 0.111111
11 0.695238 0.420635 0.076190 0.111111
11 0.638095 0.420635 0.038095 0.111111
11 0.490476 0.698413 0.028571 0.158730
6 0.642857 0.690476 0.085714 0.238095
4 0.557143 0.698413 0.085714 0.253968
2 0.447619 0.698413 0.057143 0.253968
2 0.366667 0.698413 0.066667 0.253968
10 0.700000 0.230159 0.085714 0.206349
10 0.533333 0.246032 0.076190 0.238095
6 0.452381 0.253968 0.085714 0.222222
7 0.361905 0.246032 0.095238 0.238095