2 0.347639 0.754545 0.042918 0.218182
10 0.407725 0.750000 0.077253 0.245455
4 0.467811 0.472727 0.068670 0.218182
3 0.532189 0.468182 0.060086 0.209091
6 0.592275 0.459091 0.060086 0.209091
5 0.500000 0.736364 0.072961 0.218182
7 0.575107 0.736364 0.077253 0.254545
2 0.291845 0.486364 0.042918 0.209091
10 0.339056 0.486364 0.060086 0.209091
11 0.210300 0.259091 0.068670 0.245455
11 0.272532 0.277273 0.055794 0.172727
11 0.334764 0.272727 0.068670 0.181818
11 0.628755 0.222727 0.064378 0.227273
11 0.690987 0.236364 0.060086 0.181818
11 0.753219 0.236364 0.064378 0.181818
11 0.639485 0.409091 0.025751 0.109091
11 0.675966 0.418182 0.047210 0.090909
5 0.506438 0.227273 0.068670 0.236364
1 0.092275 0.504545 0.064378 0.209091
1 0.403433 0.486364 0.068670 0.209091