11 0.094170 0.221795 0.069507 0.253846
11 0.215807 0.251282 0.070628 0.184615
11 0.830157 0.208974 0.057175 0.248718
11 0.895740 0.237179 0.067265 0.187179
11 0.654709 0.430769 0.031390 0.107692
11 0.692825 0.441026 0.049327 0.087179
11 0.447309 0.788462 0.031390 0.171795
11 0.252242 0.826923 0.049327 0.182051
0 0.264013 0.298718 0.034753 0.089744
0 0.695628 0.292308 0.036996 0.092308
8 0.409193 0.476923 0.060538 0.205128
8 0.185538 0.826923 0.052691 0.176923
7 0.536996 0.483333 0.062780 0.212821
6 0.395740 0.789744 0.076233 0.256410
6 0.471973 0.484615 0.062780 0.215385
5 0.498318 0.789744 0.077354 0.230769
5 0.647982 0.210256 0.060538 0.241026
4 0.340247 0.485897 0.061659 0.223077
3 0.524103 0.210256 0.068386 0.246154
3 0.273543 0.489744 0.065022 0.220513
3 0.605381 0.482051 0.060538 0.215385
2 0.586323 0.210256 0.044843 0.246154
1 0.082399 0.489744 0.066143 0.215385
1 0.573430 0.785897 0.070628 0.253846
1 0.769058 0.211538 0.062780 0.248718