11 0.455000 0.419492 0.040000 0.110169
11 0.412500 0.411017 0.035000 0.110169
11 0.720000 0.440678 0.070000 0.101695
11 0.670000 0.423729 0.040000 0.118644
11 0.280000 0.415254 0.050000 0.118644
11 0.327500 0.411017 0.045000 0.110169
11 0.372500 0.411017 0.045000 0.110169
11 0.505000 0.694915 0.040000 0.186441
9 0.645000 0.233051 0.080000 0.211864
9 0.730000 0.228814 0.080000 0.203390
7 0.475000 0.224576 0.080000 0.228814
4 0.392500 0.224576 0.075000 0.228814
6 0.562500 0.233051 0.075000 0.211864
3 0.302500 0.216102 0.085000 0.228814
3 0.660000 0.694915 0.090000 0.237288
1 0.440000 0.690678 0.090000 0.245763
2 0.372500 0.694915 0.035000 0.237288
2 0.590000 0.699153 0.040000 0.228814