0 0.640580 0.279343 0.023188 0.032864
2 0.569565 0.659624 0.031884 0.192488
11 0.478261 0.666667 0.034783 0.150235
11 0.678261 0.394366 0.057971 0.075117
11 0.630435 0.382629 0.031884 0.098592
11 0.181159 0.406103 0.043478 0.098592
11 0.150725 0.408451 0.017391 0.093897
11 0.120290 0.413146 0.049275 0.093897
11 0.075362 0.413146 0.040580 0.103286
4 0.518841 0.211268 0.063768 0.178404
8 0.633333 0.650235 0.078261 0.201878
2 0.456522 0.218310 0.026087 0.164319
3 0.418841 0.666667 0.078261 0.215962
3 0.330435 0.673709 0.081159 0.220657
7 0.678261 0.206573 0.075362 0.178404
4 0.597101 0.208920 0.063768 0.173709