7 0.337714 0.466867 0.060447 0.210843
11 0.652431 0.207831 0.061761 0.234940
11 0.713535 0.240964 0.060447 0.174699
11 0.774639 0.242470 0.059133 0.177711
11 0.653088 0.423193 0.028909 0.105422
11 0.690539 0.435241 0.045992 0.081325
11 0.439553 0.763554 0.027595 0.159639
2 0.465834 0.201807 0.038108 0.240964
2 0.425099 0.469880 0.022339 0.192771
2 0.293693 0.465361 0.019711 0.189759
2 0.413272 0.765060 0.024967 0.216867
2 0.511827 0.765060 0.024967 0.216867
7 0.562418 0.765060 0.068331 0.240964
2 0.103154 0.462349 0.022339 0.189759
1 0.471748 0.466867 0.060447 0.210843
7 0.528252 0.203313 0.063075 0.237952
3 0.316032 0.760542 0.069645 0.237952
11 0.344284 0.213855 0.055191 0.204819
11 0.280552 0.228916 0.056505 0.174699
11 0.220105 0.194277 0.059133 0.231928
10 0.536794 0.469880 0.061761 0.210843
9 0.601840 0.474398 0.065703 0.207831