11 0.655147 0.432432 0.030882 0.121622
11 0.696324 0.445946 0.048529 0.094595
11 0.248529 0.826014 0.052941 0.185811
6 0.650000 0.211149 0.064706 0.253378
6 0.587500 0.211149 0.063235 0.253378
7 0.573529 0.792230 0.076471 0.260135
7 0.393382 0.793919 0.077941 0.263514
8 0.410294 0.479730 0.058824 0.216216
3 0.272059 0.479730 0.067647 0.229730
2 0.521324 0.797297 0.027941 0.243243
4 0.474265 0.484797 0.066176 0.226351
5 0.540441 0.486486 0.069118 0.209459
9 0.605882 0.484797 0.067647 0.226351
0 0.697794 0.292230 0.033824 0.097973
0 0.263971 0.290541 0.036765 0.094595
11 0.898529 0.241554 0.067647 0.192568
11 0.830147 0.214527 0.057353 0.260135
11 0.215441 0.241554 0.063235 0.192568
11 0.091912 0.212838 0.069118 0.263514
11 0.447059 0.790541 0.029412 0.175676
4 0.341176 0.484797 0.064706 0.226351
8 0.180882 0.827703 0.050000 0.182432
2 0.527206 0.209459 0.045588 0.256757
2 0.773529 0.212838 0.044118 0.256757