6 0.542582 0.667421 0.085165 0.212670
6 0.513736 0.228507 0.071429 0.176471
2 0.456044 0.233032 0.027473 0.158371
2 0.700549 0.217195 0.027473 0.153846
3 0.332418 0.685520 0.076923 0.212670
3 0.420330 0.678733 0.076923 0.208145
8 0.631868 0.658371 0.076923 0.203620
8 0.598901 0.217195 0.060440 0.162896
0 0.641484 0.289593 0.019231 0.036199
11 0.078297 0.429864 0.041209 0.090498
11 0.123626 0.429864 0.043956 0.090498
11 0.152473 0.425339 0.019231 0.090498
11 0.181319 0.423077 0.038462 0.095023
11 0.630495 0.395928 0.041209 0.095023
11 0.679945 0.402715 0.057692 0.072398
11 0.480769 0.671946 0.032967 0.140271