0 0.803093 0.293269 0.030928 0.105769
11 0.088660 0.259615 0.061856 0.250000
11 0.152577 0.259615 0.057732 0.250000
11 0.328866 0.240385 0.055670 0.259615
11 0.391753 0.247596 0.061856 0.254808
11 0.455670 0.242788 0.061856 0.264423
11 0.519588 0.233173 0.061856 0.254808
11 0.683505 0.456731 0.047423 0.105769
11 0.639175 0.447115 0.037113 0.125000
11 0.443299 0.805288 0.028866 0.197115
1 0.389691 0.810096 0.065979 0.264423
1 0.458763 0.507212 0.059794 0.235577
2 0.512371 0.800481 0.026804 0.254808
2 0.288660 0.516827 0.028866 0.254808
2 0.337113 0.822115 0.035052 0.269231
3 0.525773 0.495192 0.053608 0.240385
4 0.397938 0.509615 0.053608 0.230769
4 0.592784 0.497596 0.051546 0.245192
2 0.215464 0.271635 0.051546 0.274038
7 0.874227 0.211538 0.078351 0.298077
7 0.569072 0.798077 0.074227 0.259615
6 0.332990 0.509615 0.055670 0.230769
10 0.691753 0.230769 0.055670 0.259615
9 0.756701 0.228365 0.061856 0.274038