11 0.730769 0.426606 0.058824 0.082569
0 0.468326 0.247706 0.040724 0.110092
11 0.210407 0.192661 0.058824 0.201835
11 0.280543 0.188073 0.054299 0.192661
11 0.350679 0.197248 0.058824 0.192661
11 0.420814 0.206422 0.063348 0.211009
11 0.239819 0.779817 0.063348 0.238532
11 0.683258 0.412844 0.036199 0.128440
11 0.081448 0.146789 0.081448 0.256881
1 0.052036 0.417431 0.067873 0.247706
1 0.954751 0.224771 0.072398 0.284404
2 0.115385 0.770642 0.031674 0.220183
2 0.334842 0.752294 0.036199 0.293578
3 0.337104 0.431193 0.076923 0.238532
4 0.751131 0.215596 0.072398 0.302752
4 0.880090 0.220183 0.067873 0.275229
4 0.156109 0.766055 0.049774 0.211009
5 0.671946 0.201835 0.076923 0.256881
6 0.500000 0.747706 0.085973 0.284404
7 0.556561 0.444954 0.072398 0.229358
9 0.590498 0.756881 0.085973 0.266055
10 0.626697 0.458716 0.067873 0.238532
10 0.484163 0.444954 0.063348 0.229358
10 0.414027 0.426606 0.067873 0.229358
10 0.400452 0.743119 0.085973 0.275229