11 0.121704 0.238213 0.036511 0.039702
11 0.203854 0.289082 0.038540 0.037221
11 0.160243 0.296526 0.040568 0.042184
11 0.119675 0.305211 0.036511 0.034739
11 0.083164 0.311414 0.028398 0.037221
11 0.812373 0.694789 0.026369 0.049628
11 0.848884 0.692308 0.038540 0.039702
11 0.208925 0.810174 0.028398 0.047146
11 0.251521 0.806452 0.040568 0.049628
11 0.282961 0.799007 0.014199 0.054591
11 0.314402 0.797767 0.036511 0.066998
11 0.068966 0.244417 0.032454 0.042184
11 0.051724 0.316377 0.034483 0.037221
11 0.658215 0.548387 0.034483 0.079404
11 0.710953 0.547146 0.058824 0.066998
11 0.754564 0.532258 0.028398 0.076923
11 0.789047 0.523573 0.036511 0.084367
1 0.371197 0.236973 0.060852 0.116625
1 0.524341 0.468983 0.208925 0.332506
6 0.440162 0.223325 0.060852 0.124069
2 0.345842 0.790323 0.018256 0.057072
2 0.247465 0.256824 0.020284 0.106700
3 0.288032 0.251861 0.052738 0.121588
4 0.648073 0.707196 0.054767 0.104218
8 0.775862 0.677419 0.050710 0.109181
8 0.716024 0.693548 0.060852 0.116625
11 0.329615 0.250620 0.014199 0.069479
11 0.530426 0.177419 0.038540 0.057072
11 0.490872 0.183623 0.032454 0.059553
11 0.162272 0.229529 0.036511 0.037221
11 0.096349 0.243176 0.014199 0.044665