2 0.143349 0.282123 0.025229 0.240223
2 0.792431 0.770950 0.029817 0.279330
1 0.856651 0.770950 0.075688 0.290503
1 0.723624 0.287709 0.075688 0.284916
7 0.189220 0.279330 0.057339 0.245810
6 0.253440 0.284916 0.057339 0.245810
6 0.380734 0.290503 0.055046 0.245810
6 0.826835 0.296089 0.071101 0.279330
8 0.322248 0.287709 0.048165 0.251397
3 0.636468 0.282123 0.080275 0.284916
5 0.915138 0.298883 0.073394 0.284916
11 0.166284 0.480447 0.034404 0.134078
11 0.208716 0.480447 0.050459 0.122905
11 0.931193 0.692737 0.027523 0.111732
11 0.775229 0.293296 0.022936 0.150838