11 0.851759 0.162083 0.035176 0.056974
1 0.546064 0.313360 0.244556 0.343811
1 0.773869 0.284872 0.073702 0.098232
1 0.801508 0.222004 0.072027 0.098232
0 0.812395 0.278978 0.013400 0.019646
11 0.831658 0.194499 0.035176 0.043222
11 0.662479 0.245580 0.048576 0.058939
11 0.688442 0.196464 0.046901 0.082515
11 0.701005 0.146365 0.038526 0.064833
11 0.717755 0.121807 0.051926 0.055010
10 0.299832 0.390963 0.077052 0.098232
5 0.335846 0.302554 0.072027 0.070727
5 0.358459 0.240668 0.073702 0.072692
11 0.388610 0.217092 0.036851 0.049116
11 0.408710 0.176817 0.043551 0.066798
11 0.190117 0.564833 0.031826 0.037328
11 0.201005 0.541257 0.026801 0.025540
11 0.211893 0.516699 0.031826 0.039293
11 0.226968 0.483301 0.035176 0.039293
11 0.221943 0.616896 0.031826 0.039293
11 0.237018 0.582515 0.031826 0.033399
11 0.251256 0.559921 0.033501 0.035363
11 0.265494 0.519646 0.031826 0.045187
11 0.281407 0.482318 0.030151 0.045187
11 0.587102 0.750491 0.031826 0.043222
11 0.605528 0.719057 0.035176 0.051081
11 0.617253 0.690570 0.028476 0.033399
11 0.624791 0.666012 0.026801 0.051081
2 0.640704 0.634578 0.025126 0.031434