11 0.461832 0.417808 0.053435 0.123288
11 0.290076 0.417808 0.045802 0.123288
11 0.335878 0.417808 0.045802 0.123288
11 0.385496 0.410959 0.038168 0.109589
11 0.419847 0.417808 0.030534 0.123288
11 0.660305 0.438356 0.038168 0.136986
11 0.717557 0.438356 0.061069 0.109589
2 0.335878 0.226027 0.030534 0.205479
7 0.396947 0.232877 0.076336 0.219178
8 0.480916 0.226027 0.076336 0.232877
3 0.561069 0.232877 0.083969 0.219178
3 0.351145 0.691781 0.091603 0.260274
1 0.438931 0.691781 0.083969 0.260274
1 0.549618 0.691781 0.091603 0.260274
9 0.641221 0.239726 0.076336 0.205479
10 0.729008 0.239726 0.083969 0.205479
4 0.648855 0.705479 0.091603 0.260274