6 0.484940 0.784722 0.078313 0.263889
10 0.584337 0.479167 0.060241 0.236111
10 0.183735 0.833333 0.054217 0.194444
10 0.388554 0.777778 0.078313 0.277778
7 0.521084 0.486111 0.054217 0.222222
7 0.509036 0.215278 0.066265 0.263889
2 0.445783 0.222222 0.048193 0.277778
2 0.584337 0.784722 0.036145 0.263889
9 0.394578 0.479167 0.066265 0.236111
11 0.674699 0.437500 0.048193 0.097222
11 0.632530 0.430556 0.036145 0.138889
11 0.683735 0.229167 0.054217 0.208333
11 0.623494 0.208333 0.066265 0.250000
11 0.743976 0.236111 0.066265 0.194444
11 0.331325 0.229167 0.072289 0.263889
11 0.268072 0.256944 0.054217 0.208333
11 0.210843 0.229167 0.060241 0.263889
11 0.253012 0.826389 0.048193 0.208333
1 0.084337 0.500000 0.060241 0.250000
8 0.457831 0.479167 0.060241 0.236111
3 0.331325 0.493056 0.060241 0.236111