11 0.449627 0.786501 0.023632 0.179063
11 0.779851 0.274105 0.062189 0.184573
11 0.716418 0.274105 0.049751 0.179063
11 0.655473 0.246556 0.064677 0.245179
11 0.223259 0.231405 0.058458 0.236915
11 0.285448 0.261708 0.055970 0.176309
11 0.349502 0.260331 0.062189 0.179063
11 0.257463 0.822314 0.049751 0.173554
11 0.700249 0.469697 0.044776 0.096419
11 0.659204 0.455923 0.032338 0.118457
1 0.542289 0.500000 0.054726 0.223140
1 0.608831 0.501377 0.055970 0.220386
1 0.535448 0.243802 0.063433 0.234160
1 0.184701 0.816804 0.046020 0.184573
2 0.302861 0.500000 0.028607 0.239669
2 0.364428 0.494490 0.024876 0.212121
2 0.525498 0.793388 0.023632 0.242424
2 0.349502 0.793388 0.024876 0.236915
2 0.149876 0.826446 0.021144 0.187328
3 0.477612 0.497245 0.059701 0.212121
3 0.470771 0.239669 0.063433 0.242424
3 0.400498 0.789256 0.059701 0.256198
4 0.578980 0.787879 0.073383 0.264463
9 0.414179 0.497245 0.057214 0.228650