5 0.506515 0.772727 0.074919 0.258741
6 0.545603 0.496503 0.061889 0.237762
0 0.285016 0.314685 0.029316 0.125874
11 0.268730 0.804196 0.061889 0.223776
11 0.456026 0.776224 0.019544 0.209790
11 0.703583 0.461538 0.045603 0.111888
11 0.662866 0.454545 0.035831 0.125874
11 0.897394 0.286713 0.074919 0.209790
11 0.830619 0.251748 0.058632 0.279720
11 0.231270 0.269231 0.078176 0.216783
11 0.115635 0.244755 0.081433 0.279720
5 0.192182 0.800699 0.065147 0.202797
1 0.099349 0.496503 0.074919 0.237762
10 0.402280 0.776224 0.081433 0.279720
8 0.589577 0.769231 0.078176 0.265734
4 0.594463 0.251748 0.061889 0.265734
4 0.356678 0.493007 0.061889 0.258741
4 0.485342 0.493007 0.058632 0.244755
3 0.527687 0.244755 0.078176 0.265734
3 0.656352 0.251748 0.055375 0.265734
3 0.767101 0.251748 0.068404 0.279720
0 0.701954 0.325175 0.035831 0.118881
3 0.283388 0.496503 0.071661 0.251748
3 0.609121 0.503497 0.065147 0.237762
5 0.420195 0.493007 0.065147 0.230769