1 0.465885 0.490991 0.061834 0.207207
9 0.522388 0.252252 0.059701 0.234234
2 0.291045 0.481982 0.031983 0.207207
2 0.357143 0.481982 0.031983 0.198198
2 0.339019 0.754505 0.025586 0.229730
2 0.461620 0.250000 0.040512 0.238739
2 0.549041 0.497748 0.027719 0.202703
1 0.390192 0.761261 0.072495 0.243243
8 0.565032 0.763514 0.063966 0.229730
8 0.405117 0.481982 0.055437 0.198198
3 0.486141 0.765766 0.072495 0.243243
10 0.594883 0.495495 0.055437 0.207207
11 0.219616 0.236486 0.063966 0.229730
11 0.282516 0.263514 0.061834 0.184685
11 0.341151 0.238739 0.046908 0.234234
11 0.638593 0.256757 0.061834 0.234234
11 0.701493 0.290541 0.059701 0.175676
11 0.764392 0.288288 0.061834 0.180180
11 0.642857 0.448198 0.027719 0.112613
11 0.681237 0.463964 0.049041 0.090090