11 0.644444 0.212871 0.062222 0.227723
11 0.342222 0.227723 0.062222 0.178218
11 0.282222 0.193069 0.057778 0.247525
11 0.220000 0.198020 0.057778 0.237624
11 0.708889 0.247525 0.057778 0.158416
11 0.766667 0.242574 0.057778 0.168317
11 0.651111 0.420792 0.031111 0.108911
11 0.691111 0.445545 0.048889 0.079208
2 0.464444 0.207921 0.040000 0.237624
2 0.360000 0.465347 0.026667 0.198020
2 0.297778 0.465347 0.026667 0.198020
2 0.346667 0.752475 0.026667 0.217822
6 0.526667 0.212871 0.066667 0.227723
1 0.493333 0.752475 0.071111 0.237624
1 0.395556 0.747525 0.071111 0.227723
5 0.568889 0.762376 0.071111 0.237624
7 0.537778 0.470297 0.062222 0.207921
7 0.471111 0.470297 0.062222 0.207921
7 0.404444 0.460396 0.062222 0.207921
6 0.602222 0.470297 0.066667 0.207921