2 0.532258 0.786145 0.027295 0.271084
2 0.468983 0.204819 0.044665 0.277108
3 0.408189 0.798193 0.066998 0.271084
3 0.284119 0.484940 0.062035 0.234940
3 0.415633 0.478916 0.062035 0.234940
3 0.480149 0.475904 0.062035 0.228916
7 0.529777 0.198795 0.062035 0.265060
4 0.098015 0.493976 0.057072 0.228916
4 0.586849 0.780120 0.071960 0.271084
5 0.348635 0.481928 0.062035 0.216867
1 0.610422 0.469880 0.059553 0.228916
11 0.460298 0.792169 0.032258 0.198795
11 0.223325 0.219880 0.064516 0.271084
2 0.357320 0.804217 0.029777 0.259036
2 0.565757 0.475904 0.024814 0.240964
11 0.284119 0.240964 0.057072 0.204819
11 0.713400 0.216867 0.062035 0.192771
11 0.652605 0.198795 0.059553 0.277108
11 0.351117 0.213855 0.066998 0.234940
11 0.699752 0.424699 0.049628 0.114458
11 0.661290 0.412651 0.027295 0.126506
11 0.777916 0.210843 0.066998 0.204819