1 0.443878 0.715596 0.091837 0.256881
2 0.382653 0.711009 0.040816 0.247706
2 0.604592 0.711009 0.056122 0.247706
4 0.670918 0.711009 0.076531 0.284404
11 0.676020 0.412844 0.035714 0.128440
7 0.477041 0.211009 0.086735 0.238532
10 0.744898 0.220183 0.091837 0.238532
11 0.732143 0.426606 0.066327 0.100917
11 0.283163 0.412844 0.045918 0.128440
11 0.331633 0.412844 0.051020 0.128440
11 0.380102 0.412844 0.045918 0.128440
4 0.392857 0.211009 0.071429 0.220183
11 0.413265 0.412844 0.040816 0.128440
11 0.464286 0.412844 0.040816 0.128440
4 0.653061 0.215596 0.081633 0.229358
3 0.311224 0.215596 0.081633 0.229358
6 0.563776 0.211009 0.076531 0.238532