11 0.788360 0.225000 0.052910 0.200000
3 0.484127 0.212500 0.068783 0.250000
1 0.108466 0.481250 0.058201 0.237500
10 0.544974 0.193750 0.063492 0.237500
9 0.362434 0.468750 0.058201 0.212500
6 0.521164 0.756250 0.068783 0.237500
11 0.708995 0.418750 0.042328 0.087500
11 0.301587 0.243750 0.063492 0.187500
11 0.362434 0.231250 0.068783 0.187500
11 0.722222 0.225000 0.058201 0.200000
11 0.235450 0.212500 0.058201 0.250000
2 0.513228 0.462500 0.021164 0.200000
2 0.317460 0.475000 0.021164 0.200000
5 0.595238 0.762500 0.068783 0.225000
11 0.674603 0.412500 0.026455 0.125000
6 0.423280 0.762500 0.074074 0.250000
6 0.558201 0.468750 0.058201 0.212500
8 0.626984 0.462500 0.058201 0.200000
11 0.664021 0.200000 0.058201 0.250000
4 0.428571 0.468750 0.063492 0.212500