7 0.346491 0.277778 0.078947 0.194444
11 0.421053 0.437500 0.035088 0.097222
11 0.302632 0.444444 0.043860 0.111111
11 0.254386 0.437500 0.052632 0.097222
1 0.416667 0.673611 0.078947 0.208333
6 0.618421 0.659722 0.078947 0.208333
8 0.679825 0.236111 0.078947 0.166667
11 0.614035 0.423611 0.035088 0.125000
6 0.583333 0.250000 0.078947 0.194444
6 0.508772 0.263889 0.070175 0.194444
6 0.429825 0.263889 0.070175 0.194444
2 0.561404 0.666667 0.035088 0.222222
2 0.359649 0.680556 0.035088 0.194444
11 0.671053 0.423611 0.061404 0.097222
11 0.385965 0.437500 0.035088 0.097222
11 0.342105 0.430556 0.035088 0.083333