4 0.602970 0.780992 0.077228 0.247934
11 0.702970 0.440083 0.031683 0.128099
11 0.744554 0.454545 0.043564 0.099174
2 0.502970 0.223140 0.055446 0.256198
2 0.568317 0.221074 0.051485 0.260331
2 0.308911 0.481405 0.031683 0.210744
2 0.354455 0.772727 0.039604 0.231405
1 0.087129 0.464876 0.067327 0.210744
1 0.432673 0.483471 0.069307 0.214876
7 0.361386 0.483471 0.069307 0.214876
9 0.504950 0.487603 0.063366 0.214876
9 0.413861 0.772727 0.083168 0.247934
6 0.518812 0.776860 0.079208 0.247934
10 0.647525 0.489669 0.067327 0.219008
4 0.575248 0.485537 0.065347 0.219008
11 0.234653 0.210744 0.073267 0.256198
11 0.303960 0.245868 0.061386 0.194215
11 0.371287 0.247934 0.073267 0.190083
11 0.703960 0.225207 0.073267 0.252066
11 0.774257 0.262397 0.063366 0.177686
11 0.842574 0.266529 0.069307 0.194215