11 0.700221 0.257732 0.059735 0.175258
8 0.521018 0.224227 0.055310 0.242268
8 0.595133 0.489691 0.048673 0.206186
11 0.432522 0.788660 0.024336 0.154639
11 0.675885 0.456186 0.046460 0.077320
11 0.639381 0.443299 0.026549 0.113402
11 0.758850 0.255155 0.057522 0.180412
6 0.526549 0.492268 0.057522 0.211340
2 0.288717 0.497423 0.019912 0.190722
2 0.335177 0.793814 0.024336 0.216495
1 0.384956 0.793814 0.066372 0.237113
4 0.483407 0.793814 0.064159 0.226804
3 0.553097 0.791237 0.070796 0.242268
3 0.456858 0.224227 0.059735 0.242268
11 0.213496 0.224227 0.059735 0.242268
11 0.276549 0.255155 0.057522 0.180412
11 0.336283 0.257732 0.061947 0.175258
11 0.637168 0.221649 0.057522 0.247423
10 0.397124 0.494845 0.059735 0.206186
7 0.462389 0.492268 0.057522 0.211340
6 0.334071 0.492268 0.057522 0.211340