7 0.473684 0.454704 0.263158 0.066202
11 0.421053 0.301394 0.122807 0.045296
11 0.412281 0.339721 0.140351 0.031359
11 0.807018 0.543554 0.210526 0.027875
11 0.206140 0.905923 0.307018 0.069686
0 0.232456 0.181185 0.131579 0.034843
10 0.171053 0.287456 0.289474 0.059233
8 0.789474 0.409408 0.298246 0.073171
7 0.500000 0.656794 0.280702 0.059233
5 0.482456 0.587108 0.263158 0.080139
5 0.166667 0.099303 0.298246 0.080139
4 0.166667 0.224739 0.315789 0.066202
1 0.807018 0.592334 0.315789 0.076655
3 0.789474 0.493031 0.298246 0.066202
2 0.478070 0.503484 0.254386 0.031359
2 0.486842 0.703833 0.271930 0.027875
2 0.820175 0.644599 0.307018 0.027875
9 0.469298 0.390244 0.271930 0.069686