11 0.174731 0.457661 0.016129 0.084677
11 0.201613 0.449597 0.037634 0.084677
11 0.146505 0.461694 0.040323 0.084677
11 0.100806 0.467742 0.045699 0.088710
6 0.549731 0.614919 0.083333 0.189516
6 0.586022 0.217742 0.069892 0.161290
8 0.516129 0.225806 0.064516 0.145161
2 0.455645 0.245968 0.029570 0.137097
7 0.669355 0.203629 0.075269 0.157258
10 0.633065 0.600806 0.088710 0.193548
10 0.439516 0.639113 0.083333 0.197581
2 0.381720 0.653226 0.037634 0.169355
1 0.135753 0.699597 0.077957 0.173387
11 0.673387 0.368952 0.056452 0.068548
11 0.629032 0.366935 0.037634 0.080645
0 0.634409 0.274194 0.021505 0.032258