11 0.217431 0.236402 0.064220 0.188285
5 0.537615 0.479079 0.062385 0.205021
5 0.178899 0.817992 0.056881 0.171548
8 0.398165 0.774059 0.069725 0.242678
8 0.772477 0.211297 0.062385 0.255230
6 0.651376 0.209205 0.062385 0.251046
6 0.603670 0.476987 0.062385 0.217573
6 0.494495 0.780335 0.075229 0.255230
1 0.078899 0.472803 0.066055 0.209205
11 0.249541 0.813808 0.051376 0.179916
4 0.341284 0.474895 0.058716 0.221757
11 0.090826 0.205021 0.067890 0.251046
10 0.473394 0.474895 0.062385 0.221757
11 0.895413 0.244770 0.066055 0.188285
11 0.830275 0.211297 0.056881 0.246862
11 0.654128 0.426778 0.031193 0.117155
11 0.693578 0.437238 0.047706 0.096234
0 0.696330 0.288703 0.034862 0.092050
0 0.263303 0.286611 0.034862 0.087866
9 0.571560 0.778243 0.075229 0.251046
9 0.587156 0.211297 0.062385 0.246862
2 0.523853 0.205021 0.049541 0.251046
2 0.426606 0.476987 0.023853 0.209205
3 0.273394 0.476987 0.062385 0.217573