0 0.285714 0.253012 0.054422 0.096386
2 0.622449 0.415663 0.034014 0.156627
2 0.520408 0.650602 0.034014 0.240964
2 0.353741 0.632530 0.027211 0.204819
7 0.571429 0.638554 0.068027 0.192771
7 0.187075 0.656627 0.047619 0.180723
3 0.282313 0.397590 0.061224 0.168675
3 0.414966 0.403614 0.054422 0.180723
4 0.350340 0.397590 0.061224 0.168675
4 0.476190 0.403614 0.054422 0.180723
11 0.258503 0.656627 0.040816 0.156627
11 0.108844 0.192771 0.068027 0.192771
11 0.231293 0.204819 0.068027 0.144578
11 0.823129 0.210843 0.054422 0.204819
11 0.880952 0.234940 0.061224 0.156627
1 0.404762 0.632530 0.074830 0.204819
1 0.649660 0.204819 0.061224 0.192771
1 0.765306 0.210843 0.061224 0.204819
1 0.544218 0.397590 0.068027 0.192771
0 0.697279 0.277108 0.034014 0.120482