11 0.649805 0.396552 0.046693 0.117241
7 0.357977 0.213793 0.077821 0.220690
7 0.533074 0.206897 0.077821 0.206897
9 0.445525 0.196552 0.081712 0.213793
6 0.706226 0.196552 0.073930 0.213793
5 0.643969 0.693103 0.097276 0.227586
4 0.626459 0.200000 0.085603 0.220690
1 0.101167 0.706897 0.077821 0.213793
1 0.420233 0.693103 0.077821 0.241379
1 0.550584 0.693103 0.089494 0.255172
2 0.363813 0.693103 0.042802 0.227586
11 0.700389 0.403448 0.062257 0.103448
11 0.480545 0.703448 0.027237 0.193103
11 0.262646 0.413793 0.050584 0.124138
11 0.431907 0.403448 0.046693 0.117241
11 0.346304 0.406897 0.038911 0.124138
11 0.309339 0.410345 0.042802 0.131034
11 0.389105 0.410345 0.038911 0.131034