2 0.288876 0.477573 0.030647 0.200528
2 0.418275 0.478892 0.028377 0.197889
9 0.523269 0.205805 0.063564 0.258575
7 0.335414 0.476253 0.060159 0.218997
3 0.464813 0.474934 0.057889 0.216359
3 0.313280 0.765172 0.068104 0.242744
3 0.483541 0.767810 0.068104 0.248021
8 0.531782 0.472296 0.057889 0.221636
6 0.591941 0.472296 0.057889 0.221636
6 0.557321 0.767810 0.065834 0.248021
1 0.386493 0.767810 0.066969 0.242744
11 0.216232 0.204485 0.064699 0.255937
11 0.278661 0.241425 0.060159 0.187335
11 0.338820 0.240106 0.062429 0.184697
11 0.641317 0.426121 0.027242 0.118734
11 0.681612 0.436675 0.048808 0.081794
11 0.642452 0.204485 0.061294 0.245383
11 0.704881 0.233509 0.061294 0.182058
11 0.768445 0.234828 0.065834 0.189974
11 0.434166 0.767810 0.026107 0.163588
2 0.456867 0.204485 0.048808 0.255937