7 0.577731 0.691729 0.071429 0.195489
11 0.460084 0.725564 0.021008 0.127820
11 0.264706 0.323308 0.058824 0.165414
11 0.325630 0.338346 0.063025 0.135338
11 0.611345 0.240602 0.071429 0.195489
11 0.674370 0.255639 0.054622 0.135338
11 0.728992 0.240602 0.054622 0.135338
11 0.632353 0.406015 0.029412 0.075188
11 0.668067 0.402256 0.042017 0.067669
3 0.436975 0.285714 0.067227 0.195489
3 0.342437 0.751880 0.063025 0.195489
10 0.401261 0.496241 0.063025 0.165414
7 0.464286 0.477444 0.063025 0.157895
1 0.413866 0.729323 0.071429 0.195489
5 0.508403 0.699248 0.075630 0.165414
5 0.590336 0.447368 0.063025 0.142857
11 0.201681 0.338346 0.058824 0.180451
4 0.529412 0.466165 0.058824 0.165414
4 0.495798 0.266917 0.067227 0.187970
2 0.296218 0.526316 0.029412 0.150376
1 0.096639 0.575188 0.058824 0.157895
9 0.338235 0.511278 0.063025 0.150376