10 0.724568 0.832278 0.063340 0.090717
1 0.606526 0.591772 0.245681 0.276371
11 0.673704 0.362869 0.046065 0.046414
11 0.633397 0.358650 0.034549 0.054852
11 0.481766 0.371308 0.019194 0.050633
11 0.348369 0.798523 0.036468 0.048523
11 0.317658 0.801688 0.017274 0.050633
11 0.290787 0.793249 0.036468 0.046414
11 0.256238 0.784810 0.032630 0.042194
11 0.852207 0.877637 0.042226 0.037975
11 0.819578 0.869198 0.023033 0.042194
11 0.833973 0.719409 0.044146 0.075949
11 0.804223 0.708861 0.038388 0.063291
11 0.756238 0.713080 0.057582 0.054852
11 0.709213 0.700422 0.036468 0.071730
5 0.664107 0.825949 0.061420 0.069620
7 0.579655 0.373418 0.061420 0.097046
3 0.441459 0.355485 0.069098 0.103376
2 0.536468 0.371308 0.024952 0.088608
2 0.377159 0.805907 0.017274 0.037975
2 0.799424 0.844937 0.024952 0.069620
0 0.741843 0.875527 0.013436 0.021097