10 0.460396 0.479167 0.059406 0.208333
10 0.398515 0.489583 0.064356 0.208333
9 0.745050 0.218750 0.064356 0.229167
9 0.683168 0.223958 0.059406 0.239583
9 0.866337 0.203125 0.069307 0.239583
0 0.797030 0.281250 0.039604 0.104167
11 0.675743 0.427083 0.054455 0.083333
11 0.633663 0.416667 0.029703 0.104167
11 0.455446 0.239583 0.059406 0.229167
11 0.391089 0.250000 0.059406 0.229167
11 0.329208 0.250000 0.054455 0.229167
11 0.272277 0.255208 0.059406 0.239583
11 0.210396 0.265625 0.064356 0.239583
11 0.091584 0.276042 0.074257 0.239583
11 0.438119 0.765625 0.034653 0.197917
2 0.292079 0.500000 0.029703 0.208333
2 0.608911 0.468750 0.029703 0.208333
3 0.529703 0.479167 0.059406 0.229167
1 0.089109 0.520833 0.059406 0.208333
5 0.336634 0.494792 0.059406 0.197917