11 0.723114 0.240000 0.056180 0.189091
11 0.784912 0.245455 0.070626 0.200000
11 0.662921 0.423636 0.028892 0.105455
11 0.702247 0.434545 0.046549 0.090909
11 0.459069 0.760000 0.028892 0.167273
11 0.233547 0.732727 0.020867 0.047273
11 0.268860 0.790909 0.049759 0.185455
11 0.360353 0.218182 0.062600 0.218182
2 0.357143 0.760000 0.030498 0.225455
2 0.159711 0.789091 0.027287 0.167273
2 0.373997 0.467273 0.032103 0.192727
2 0.309791 0.467273 0.032103 0.192727
4 0.103531 0.461818 0.062600 0.218182
11 0.235152 0.201818 0.069021 0.243636
4 0.539326 0.209091 0.073836 0.250909
11 0.297753 0.236364 0.062600 0.189091
11 0.657303 0.212727 0.069021 0.250909
1 0.582665 0.763636 0.070626 0.247273
6 0.508026 0.760000 0.069021 0.254545
10 0.406902 0.761818 0.069021 0.243636
3 0.196629 0.792727 0.046549 0.181818
10 0.613965 0.470909 0.062600 0.214545
6 0.548957 0.470909 0.064205 0.214545
5 0.485554 0.463636 0.062600 0.200000
7 0.422151 0.467273 0.060995 0.214545