3 0.466741 0.483627 0.062084 0.221662
7 0.340909 0.483627 0.056541 0.226700
9 0.521619 0.224181 0.072062 0.261965
2 0.337029 0.773300 0.031042 0.226700
2 0.544900 0.482368 0.027716 0.198992
2 0.417406 0.484887 0.027716 0.198992
2 0.292129 0.486146 0.029933 0.196474
2 0.458426 0.224181 0.054324 0.256927
11 0.682373 0.447103 0.047672 0.098237
11 0.640798 0.434509 0.031042 0.128463
11 0.762749 0.258186 0.064302 0.198992
11 0.697894 0.253149 0.063193 0.193955
11 0.637472 0.220403 0.059867 0.259446
11 0.339246 0.256927 0.059867 0.196474
11 0.279379 0.258186 0.059867 0.198992
11 0.218404 0.224181 0.062084 0.261965
8 0.560976 0.758186 0.059867 0.251889
4 0.488359 0.767003 0.063193 0.244332
10 0.593126 0.484887 0.059867 0.224181
1 0.389690 0.768262 0.067627 0.246851