2 0.433535 0.465517 0.021148 0.213793
1 0.096677 0.493103 0.066465 0.213793
11 0.687311 0.396552 0.051360 0.103448
11 0.651057 0.382759 0.027190 0.117241
11 0.347432 0.234483 0.060423 0.206897
11 0.283988 0.231034 0.060423 0.241379
11 0.223565 0.217241 0.066465 0.282759
11 0.645015 0.175862 0.063444 0.241379
11 0.705438 0.200000 0.057402 0.179310
1 0.407855 0.744828 0.084592 0.248276
2 0.305136 0.482759 0.024169 0.193103
1 0.536254 0.448276 0.063444 0.220690
11 0.768882 0.203448 0.069486 0.200000
2 0.468278 0.193103 0.048338 0.262069
3 0.330816 0.748276 0.063444 0.241379
4 0.605740 0.434483 0.051360 0.220690
5 0.574018 0.724138 0.072508 0.220690
6 0.498489 0.741379 0.072508 0.255172
6 0.475831 0.448276 0.057402 0.220690
10 0.353474 0.465517 0.060423 0.213793
10 0.522659 0.179310 0.060423 0.248276