3 0.448328 0.239130 0.063830 0.217391
2 0.414894 0.481366 0.027356 0.204969
2 0.288754 0.487578 0.024316 0.192547
2 0.343465 0.742236 0.024316 0.217391
2 0.513678 0.726708 0.030395 0.236025
1 0.396657 0.736025 0.069909 0.229814
11 0.752280 0.232919 0.063830 0.167702
11 0.636778 0.406832 0.027356 0.105590
11 0.674772 0.413043 0.048632 0.080745
5 0.509119 0.229814 0.057751 0.236025
9 0.527356 0.459627 0.057751 0.198758
10 0.566869 0.720497 0.069909 0.223602
4 0.592705 0.450311 0.054711 0.192547
10 0.332827 0.481366 0.057751 0.204969
11 0.329787 0.270186 0.057751 0.180124
11 0.626140 0.220497 0.060790 0.217391
11 0.688450 0.239130 0.057751 0.167702
11 0.268997 0.291925 0.057751 0.173913
9 0.463526 0.472050 0.057751 0.198758
11 0.205167 0.270186 0.057751 0.229814