11 0.389535 0.424528 0.058140 0.113208
11 0.331395 0.419811 0.046512 0.122642
11 0.793605 0.429245 0.040698 0.122642
8 0.767442 0.212264 0.081395 0.235849
4 0.456395 0.207547 0.075581 0.226415
4 0.869186 0.202830 0.087209 0.216981
4 0.668605 0.745283 0.093023 0.320755
2 0.811047 0.731132 0.052326 0.273585
2 0.555233 0.745283 0.063953 0.283019
1 0.127907 0.745283 0.104651 0.245283
3 0.415698 0.750000 0.110465 0.292453
3 0.357558 0.207547 0.098837 0.245283
6 0.555233 0.212264 0.087209 0.235849
11 0.854651 0.433962 0.069767 0.094340
10 0.659884 0.216981 0.098837 0.245283
11 0.543605 0.424528 0.052326 0.113208
11 0.488372 0.424528 0.046512 0.113208
11 0.438953 0.419811 0.040698 0.122642