11 0.691617 0.435714 0.053892 0.100000
2 0.526946 0.207143 0.047904 0.271429
2 0.467066 0.207143 0.047904 0.271429
2 0.362275 0.485714 0.029940 0.228571
2 0.296407 0.485714 0.029940 0.228571
2 0.344311 0.800000 0.029940 0.257143
11 0.649701 0.442857 0.029940 0.114286
8 0.479042 0.485714 0.059880 0.228571
11 0.775449 0.235714 0.065868 0.185714
11 0.709581 0.235714 0.065868 0.185714
11 0.646707 0.207143 0.059880 0.271429
11 0.344311 0.242857 0.065868 0.200000
11 0.284431 0.235714 0.065868 0.185714
11 0.218563 0.207143 0.065868 0.271429
2 0.559880 0.485714 0.029940 0.228571
7 0.604790 0.485714 0.059880 0.228571
1 0.395210 0.792857 0.071856 0.271429
1 0.491018 0.792857 0.071856 0.271429
1 0.568862 0.785714 0.071856 0.285714
8 0.413174 0.478571 0.059880 0.214286