5 0.415254 0.451493 0.057627 0.216418
11 0.689831 0.410448 0.044068 0.104478
11 0.649153 0.395522 0.030508 0.119403
11 0.296610 0.194030 0.064407 0.253731
11 0.230508 0.190299 0.054237 0.246269
11 0.172881 0.201493 0.054237 0.238806
11 0.115254 0.190299 0.061017 0.246269
0 0.813559 0.279851 0.040678 0.111940
7 0.349153 0.440299 0.054237 0.208955
7 0.886441 0.205224 0.071186 0.246269
6 0.767797 0.201493 0.057627 0.238806
6 0.540678 0.451493 0.057627 0.216418
6 0.572881 0.731343 0.067797 0.253731
6 0.500000 0.720149 0.071186 0.246269
1 0.403390 0.720149 0.067797 0.246269
1 0.708475 0.205224 0.061017 0.246269
1 0.603390 0.440299 0.067797 0.223881
2 0.645763 0.190299 0.050847 0.261194
2 0.305085 0.455224 0.027119 0.223881
2 0.352542 0.720149 0.027119 0.246269
5 0.479661 0.440299 0.057627 0.208955