10 0.527027 0.470100 0.065183 0.215947
2 0.635930 0.225914 0.047695 0.245847
2 0.276630 0.485050 0.028617 0.199336
11 0.385533 0.230897 0.065183 0.235880
2 0.586645 0.760797 0.025437 0.239203
2 0.333068 0.760797 0.033386 0.239203
1 0.063593 0.483389 0.063593 0.209302
1 0.698728 0.215947 0.062003 0.239203
1 0.888712 0.215947 0.073132 0.245847
0 0.810016 0.294020 0.042925 0.102990
11 0.682830 0.435216 0.052464 0.086379
11 0.641494 0.423588 0.033386 0.116279
11 0.071542 0.235880 0.060413 0.245847
11 0.135135 0.234219 0.057234 0.235880
11 0.195548 0.232558 0.060413 0.239203
11 0.258347 0.234219 0.062003 0.235880
11 0.322734 0.230897 0.060413 0.235880
8 0.389507 0.755814 0.063593 0.235880
5 0.490461 0.764120 0.084261 0.225914
4 0.393482 0.476744 0.062003 0.209302
4 0.595390 0.475083 0.058824 0.205980
6 0.459459 0.473422 0.063593 0.209302
7 0.323529 0.481728 0.062003 0.219269
8 0.763911 0.220930 0.065183 0.242525