11 0.659574 0.210938 0.056738 0.265625
11 0.109929 0.195312 0.063830 0.265625
4 0.585106 0.757812 0.078014 0.265625
5 0.195035 0.773438 0.049645 0.171875
6 0.507092 0.750000 0.078014 0.250000
6 0.549645 0.468750 0.063830 0.218750
6 0.485816 0.460938 0.063830 0.234375
3 0.336879 0.742188 0.078014 0.265625
3 0.354610 0.460938 0.070922 0.234375
1 0.095745 0.453125 0.063830 0.218750
1 0.907801 0.210938 0.070922 0.265625
1 0.840426 0.210938 0.063830 0.265625
2 0.425532 0.757812 0.028369 0.234375
2 0.156028 0.789062 0.028369 0.171875
2 0.783688 0.210938 0.049645 0.265625
9 0.613475 0.468750 0.063830 0.218750
9 0.539007 0.210938 0.070922 0.265625
0 0.464539 0.281250 0.035461 0.093750
8 0.421986 0.453125 0.063830 0.218750
8 0.414894 0.203125 0.063830 0.250000
11 0.457447 0.750000 0.021277 0.187500
11 0.262411 0.781250 0.042553 0.187500
11 0.705674 0.429688 0.049645 0.109375
11 0.666667 0.421875 0.028369 0.125000
11 0.719858 0.242188 0.063830 0.203125
11 0.237589 0.195312 0.063830 0.265625
11 0.173759 0.226562 0.063830 0.203125