11 0.372222 0.210046 0.073333 0.283105
0 0.818889 0.262557 0.037778 0.141553
11 0.044444 0.228311 0.071111 0.292237
11 0.116667 0.228311 0.073333 0.283105
11 0.184444 0.228311 0.066667 0.273973
11 0.245556 0.219178 0.082222 0.283105
11 0.441111 0.207763 0.077778 0.278539
11 0.648889 0.410959 0.040000 0.136986
11 0.691111 0.417808 0.048889 0.132420
11 0.434444 0.748858 0.033333 0.200913
10 0.700000 0.191781 0.071111 0.273973
9 0.526667 0.454338 0.066667 0.251142
7 0.314444 0.474886 0.068889 0.246575
6 0.566667 0.739726 0.080000 0.273973
3 0.385556 0.474886 0.068889 0.237443
3 0.300000 0.757991 0.075556 0.283105
3 0.770000 0.189498 0.064444 0.278539
5 0.596667 0.454338 0.068889 0.223744
2 0.265556 0.479452 0.033333 0.237443
2 0.508889 0.751142 0.031111 0.251142
1 0.376667 0.751142 0.082222 0.278539
1 0.042222 0.493151 0.075556 0.228311
4 0.455556 0.470320 0.066667 0.237443
1 0.898889 0.178082 0.073333 0.283105