6 0.530120 0.473333 0.060241 0.226667
7 0.593373 0.473333 0.066265 0.226667
2 0.147590 0.813333 0.018072 0.213333
2 0.454819 0.213333 0.054217 0.240000
1 0.186747 0.793333 0.048193 0.200000
4 0.496988 0.760000 0.066265 0.266667
10 0.391566 0.760000 0.072289 0.293333
5 0.521084 0.206667 0.066265 0.226667
11 0.762048 0.266667 0.066265 0.213333
11 0.641566 0.433333 0.030120 0.120000
11 0.680723 0.446667 0.048193 0.093333
11 0.259036 0.793333 0.048193 0.200000
3 0.337349 0.480000 0.060241 0.213333
3 0.563253 0.773333 0.066265 0.240000
9 0.397590 0.473333 0.060241 0.226667
6 0.466867 0.480000 0.066265 0.240000
11 0.340361 0.246667 0.066265 0.200000
11 0.280120 0.220000 0.054217 0.253333
11 0.219880 0.213333 0.066265 0.240000
11 0.632530 0.226667 0.060241 0.240000
11 0.695783 0.246667 0.066265 0.200000