11 0.487705 0.175676 0.150273 0.229730
11 0.935792 0.179054 0.084699 0.168919
11 0.486339 0.554054 0.081967 0.189189
11 0.790984 0.581081 0.024590 0.108108
11 0.822404 0.587838 0.038251 0.081081
11 0.191257 0.570946 0.016393 0.128378
11 0.379781 0.682432 0.027322 0.094595
11 0.415301 0.689189 0.038251 0.081081
11 0.263661 0.888514 0.051913 0.114865
11 0.050546 0.864865 0.046448 0.135135
11 0.606557 0.108108 0.027322 0.108108
11 0.637978 0.111486 0.024590 0.101351
11 0.669399 0.111486 0.032787 0.101351
11 0.707650 0.111486 0.027322 0.101351
11 0.734973 0.111486 0.027322 0.101351
2 0.118852 0.557432 0.024590 0.155405
2 0.159836 0.557432 0.024590 0.155405
6 0.222678 0.557432 0.035519 0.155405
1 0.265027 0.557432 0.043716 0.155405
1 0.209016 0.864865 0.040984 0.148649
1 0.810109 0.864865 0.040984 0.148649
1 0.853825 0.864865 0.040984 0.148649
1 0.898907 0.864865 0.038251 0.148649
1 0.954918 0.864865 0.040984 0.148649
8 0.699454 0.554054 0.043716 0.162162
8 0.480874 0.861486 0.038251 0.155405
8 0.525956 0.861486 0.040984 0.155405
4 0.105191 0.864865 0.040984 0.162162
4 0.150273 0.868243 0.038251 0.155405
0 0.178962 0.925676 0.013661 0.040541
0 0.926230 0.922297 0.010929 0.033784
3 0.568306 0.868243 0.038251 0.155405
3 0.743169 0.557432 0.038251 0.155405
7 0.397541 0.861486 0.040984 0.168919
9 0.439891 0.864865 0.038251 0.162162