11 0.064103 0.286765 0.046154 0.191176
11 0.117949 0.286765 0.051282 0.191176
11 0.171795 0.286765 0.046154 0.191176
11 0.228205 0.294118 0.046154 0.205882
11 0.279487 0.286765 0.046154 0.191176
11 0.335897 0.286765 0.046154 0.191176
11 0.389744 0.279412 0.051282 0.205882
11 0.443590 0.286765 0.046154 0.191176
11 0.443590 0.500000 0.046154 0.205882
11 0.497436 0.500000 0.030769 0.205882
11 0.192308 0.816176 0.097436 0.279412
11 0.302564 0.823529 0.051282 0.205882
11 0.415385 0.816176 0.051282 0.220588
11 0.525641 0.801471 0.046154 0.191176
11 0.851282 0.257353 0.041026 0.191176
11 0.900000 0.257353 0.046154 0.191176
11 0.900000 0.411765 0.025641 0.088235
11 0.946154 0.470588 0.046154 0.205882
4 0.633333 0.794118 0.046154 0.205882
4 0.171795 0.500000 0.046154 0.205882
3 0.735897 0.786765 0.046154 0.191176
2 0.833333 0.772059 0.025641 0.191176
5 0.802564 0.477941 0.046154 0.191176
5 0.279487 0.500000 0.046154 0.205882
8 0.853846 0.463235 0.046154 0.191176
8 0.117949 0.500000 0.051282 0.205882
9 0.228205 0.507353 0.046154 0.191176
1 0.335897 0.500000 0.046154 0.205882