11 0.847280 0.376190 0.238494 0.561905
11 0.190377 0.457143 0.062762 0.133333
2 0.196653 0.214286 0.041841 0.276190
2 0.294979 0.528571 0.037657 0.276190
3 0.267782 0.209524 0.092050 0.285714
3 0.366109 0.528571 0.087866 0.276190
3 0.560669 0.523810 0.083682 0.304762
6 0.366109 0.214286 0.079498 0.276190
9 0.464435 0.214286 0.092050 0.295238
9 0.462343 0.528571 0.087866 0.295238
5 0.564854 0.219048 0.083682 0.266667
7 0.663180 0.219048 0.087866 0.304762
10 0.661088 0.533333 0.083682 0.285714
0 0.608787 0.647619 0.020921 0.057143