2 0.357143 0.696774 0.076923 0.245161
1 0.450549 0.677419 0.082418 0.232258
1 0.532967 0.658065 0.076923 0.206452
1 0.611264 0.632258 0.079670 0.232258
1 0.690934 0.600000 0.074176 0.206452
1 0.771978 0.583871 0.076923 0.212903
2 0.751374 0.206452 0.046703 0.219355
10 0.575549 0.264516 0.079670 0.219355
10 0.656593 0.241935 0.076923 0.212903
0 0.710165 0.293548 0.019231 0.058065
11 0.846154 0.212903 0.049451 0.154839
11 0.901099 0.206452 0.054945 0.129032
11 0.866758 0.593548 0.046703 0.167742
11 0.921703 0.574194 0.057692 0.141935
11 0.119505 0.767742 0.052198 0.141935
11 0.171703 0.758065 0.046703 0.135484
11 0.226648 0.738710 0.052198 0.135484
11 0.087912 0.383871 0.049451 0.148387
11 0.141484 0.380645 0.057692 0.129032
11 0.174451 0.367742 0.019231 0.141935
11 0.211538 0.361290 0.043956 0.141935
11 0.270604 0.338710 0.057692 0.135484