11 0.849246 0.354651 0.241206 0.546512
11 0.188442 0.459302 0.065327 0.127907
2 0.195980 0.209302 0.030151 0.255814
2 0.296482 0.529070 0.030151 0.267442
3 0.268844 0.203488 0.085427 0.290698
3 0.364322 0.529070 0.085427 0.290698
3 0.562814 0.534884 0.080402 0.302326
6 0.366834 0.203488 0.090452 0.290698
9 0.464824 0.197674 0.085427 0.302326
9 0.464824 0.529070 0.085427 0.290698
5 0.565327 0.209302 0.085427 0.279070
7 0.663317 0.203488 0.080402 0.290698
10 0.665829 0.529070 0.085427 0.290698
0 0.610553 0.645349 0.015075 0.058140